100
1 1 0.0
1 2 30.083
1 3 55.073
1 4 25.962
1 5 46.872
1 6 56.939
1 7 19.799
1 8 58.31
1 9 79.712
1 10 27.893
1 11 65.803
1 12 87.641
1 13 36.401
1 14 83.6
1 15 15.133
1 16 26.833
1 17 86.649
1 18 27.019
1 19 83.487
1 20 32.65
1 21 93.381
1 22 45.343
1 23 40.112
1 24 82.759
1 25 76.322
1 26 73.926
1 27 38.079
1 28 80.006
1 29 55.543
1 30 36.346
1 31 72.993
1 32 35.805
1 33 76.322
1 34 12.166
1 35 43.139
1 36 28.636
1 37 80.623
1 38 64.133
1 39 61.685
1 40 67.082
1 41 58.694
1 42 87.846
1 43 31.89
1 44 77.987
1 45 84.309
1 46 46.141
1 47 72.18
1 48 67.186
1 49 32.016
1 50 17.029
1 51 83.385
1 52 37.162
1 53 73.98
1 54 66.008
1 55 57.871
1 56 32.062
1 57 34.366
1 58 38.897
1 59 82.006
1 60 33.136
1 61 15.556
1 62 15.033
1 63 50.289
1 64 37.162
1 65 76.694
1 66 8.246
1 67 58.009
1 68 88.6
1 69 91.236
1 70 16.971
1 71 56.639
1 72 69.462
1 73 32.757
1 74 47.424
1 75 69.123
1 76 39.623
1 77 88.769
1 78 52.086
1 79 32.65
1 80 17.464
1 81 18.385
1 82 56.089
1 83 52.953
1 84 24.187
1 85 30.871
1 86 84.481
1 87 77.201
1 88 29.275
1 89 10.63
1 90 42.45
1 91 46.011
1 92 28.653
1 93 87.092
1 94 43.932
1 95 86.313
1 96 26.249
1 97 81.154
1 98 22.091
1 99 80.777
1 100 26.173
2 1 30.083
2 2 0.0
2 3 37.014
2 4 5.0
2 5 76.655
2 6 79.076
2 7 28.653
2 8 69.893
2 9 84.386
2 10 55.145
2 11 85.703
2 12 73.062
2 13 18.974
2 14 102.694
2 15 43.932
2 16 23.345
2 17 90.427
2 18 56.294
2 19 94.81
2 20 10.44
2 21 108.227
2 22 62.394
2 23 38.288
2 24 99.298
2 25 86.833
2 26 83.869
2 27 68.154
2 28 74.095
2 29 40.447
2 30 41.4
2 31 63.063
2 32 10.05
2 33 73.824
2 34 20.616
2 35 61.984
2 36 23.087
2 37 78.772
2 38 54.406
2 39 86.579
2 40 49.041
2 41 62.29
2 42 93.509
2 43 50.695
2 44 95.755
2 45 67.119
2 46 58.669
2 47 87.71
2 48 60.539
2 49 10.77
2 50 39.051
2 51 66.121
2 52 67.231
2 53 73.783
2 54 61.27
2 55 83.295
2 56 9.849
2 57 62.29
2 58 30.529
2 59 76.694
2 60 61.522
2 61 44.777
2 62 16.401
2 63 56.727
2 64 48.765
2 65 90.736
2 66 35.511
2 67 71.694
2 68 72.062
2 69 98.311
2 70 16.031
2 71 72.918
2 72 61.351
2 73 6.0
2 74 64.622
2 75 71.84
2 76 16.031
2 77 94.26
2 78 80.399
2 79 57.14
2 80 18.601
2 81 21.095
2 82 83.0
2 83 82.71
2 84 52.612
2 85 44.385
2 86 87.201
2 87 63.285
2 88 36.715
2 89 36.222
2 90 69.0
2 91 23.195
2 92 4.243
2 93 73.171
2 94 61.098
2 95 94.048
2 96 24.413
2 97 64.07
2 98 50.804
2 99 86.371
2 100 46.69
3 1 55.073
3 2 37.014
3 3 0.0
3 4 41.049
3 5 92.617
3 6 78.339
3 7 63.348
3 8 57.035
3 9 60.374
3 10 67.801
3 11 80.505
3 12 36.056
3 13 19.647
3 14 94.021
3 15 62.29
3 16 60.075
3 17 64.661
3 18 72.918
3 19 76.922
3 20 27.074
3 21 93.172
3 22 58.694
3 23 25.298
3 24 87.464
3 25 69.123
3 26 65.97
3 27 88.391
3 28 41.231
3 29 5.831
3 30 34.176
3 31 28.302
3 32 27.074
3 33 44.045
3 34 52.202
3 35 60.729
3 36 60.008
3 37 48.918
3 38 21.213
3 39 89.185
3 40 12.369
3 41 41.976
3 42 69.354
3 43 53.666
3 44 86.052
3 45 30.414
3 46 50.636
3 47 76.164
3 48 29.069
3 49 47.265
3 50 51.662
3 51 29.428
3 52 87.693
3 53 46.325
3 54 31.623
3 55 87.316
3 56 46.271
3 57 74.632
3 58 18.601
3 59 44.045
3 60 75.0
3 61 70.178
3 62 48.508
3 63 42.0
3 64 44.272
3 65 76.792
3 66 63.063
3 67 61.008
3 68 35.228
3 69 75.133
3 70 39.0
3 71 65.276
3 72 28.32
3 73 31.016
3 74 60.415
3 75 47.927
3 76 21.095
3 77 69.836
3 78 90.918
3 79 65.0
3 80 52.953
3 81 55.902
3 82 89.961
3 83 98.005
3 84 68.015
3 85 44.721
3 86 60.745
3 87 26.476
3 88 36.359
3 89 53.907
3 90 77.414
3 91 14.56
3 92 34.059
3 93 36.222
3 94 57.974
3 95 72.09
3 96 29.833
3 97 27.295
3 98 67.209
3 99 63.071
3 100 53.535
4 1 25.962
4 2 5.0
4 3 41.049
4 4 0.0
4 5 72.78
4 6 77.201
4 7 23.707
4 8 69.814
4 9 85.604
4 10 52.0
4 11 84.309
4 12 77.0
4 13 22.204
4 14 101.553
4 15 40.311
4 16 19.026
4 17 91.837
4 18 52.612
4 19 95.016
4 20 14.0
4 21 107.898
4 22 61.27
4 23 39.661
4 24 98.615
4 25 87.115
4 26 84.22
4 27 63.906
4 28 76.844
4 29 44.102
4 30 41.725
4 31 66.287
4 32 14.56
4 33 76.059
4 34 15.811
4 35 60.539
4 36 19.026
4 37 80.957
4 38 57.489
4 39 84.172
4 40 53.235
4 41 63.411
4 42 94.641
4 43 49.041
4 44 94.826
4 45 71.344
4 46 58.249
4 47 87.132
4 48 63.246
4 49 9.22
4 50 36.497
4 51 70.349
4 52 62.968
4 53 75.664
4 54 63.695
4 55 80.753
4 56 8.602
4 57 59.034
4 58 32.696
4 59 79.379
4 60 58.138
4 61 40.249
4 62 11.662
4 63 57.28
4 64 48.26
4 65 90.443
4 66 30.887
4 67 71.281
4 68 76.236
4 69 99.247
4 70 13.928
4 71 72.069
4 72 64.288
4 73 10.44
4 74 63.506
4 75 73.239
4 76 20.396
4 77 95.425
4 78 77.104
4 79 54.589
4 80 13.601
4 81 16.125
4 82 80.1
4 83 78.854
4 84 49.163
4 85 43.417
4 86 88.752
4 87 67.067
4 88 36.401
4 89 33.0
4 90 66.121
4 91 27.659
4 92 7.0
4 93 77.026
4 94 59.933
4 95 94.847
4 96 24.759
4 97 68.264
4 98 47.265
4 99 87.459
4 100 44.643
5 1 46.872
5 2 76.655
5 3 92.617
5 4 72.78
5 5 0.0
5 6 38.118
5 7 60.208
5 8 61.131
5 9 86.122
5 10 24.839
5 11 48.508
5 12 117.004
5 13 77.897
5 14 62.626
5 15 32.894
5 16 70.064
5 17 92.763
5 18 20.616
5 19 78.006
5 20 77.078
5 21 79.076
5 22 45.88
5 23 69.296
5 24 67.469
5 25 74.243
5 26 73.553
5 27 12.53
5 28 100.648
5 29 90.686
5 30 60.877
5 31 99.624
5 32 80.777
5 33 93.52
5 34 58.421
5 35 41.785
5 36 72.062
5 37 96.005
5 38 92.455
5 39 32.311
5 40 102.65
5 41 73.348
5 42 90.796
5 43 41.4
5 44 61.392
5 45 116.846
5 46 54.129
5 47 62.073
5 48 91.526
5 49 78.638
5 50 41.34
5 51 116.103
5 52 13.416
5 53 88.769
5 54 88.51
5 55 28.46
5 56 78.772
5 57 18.439
5 58 74.027
5 59 101.518
5 60 17.692
5 61 35.057
5 62 61.814
5 63 64.885
5 64 53.009
5 65 68.066
5 66 44.011
5 67 57.271
5 68 119.971
5 69 91.198
5 70 61.685
5 71 51.624
5 72 94.868
5 73 78.435
5 74 46.174
5 75 81.345
5 76 83.193
5 77 91.788
5 78 13.416
5 79 29.411
5 80 63.198
5 81 63.032
5 82 21.932
5 83 6.083
5 84 25.06
5 85 49.578
5 86 92.65
5 87 107.299
5 88 56.639
5 89 41.231
5 90 20.616
5 91 88.193
5 92 74.632
5 93 115.802
5 94 45.31
5 95 86.284
5 96 63.812
5 97 113.952
5 98 26.401
5 99 85.51
5 100 39.598
6 1 56.939
6 2 79.076
6 3 78.339
6 4 77.201
6 5 38.118
6 6 0.0
6 7 76.276
6 8 28.32
6 9 50.99
6 10 31.113
6 11 10.77
6 12 92.201
6 13 71.0
6 14 27.659
6 15 43.417
6 16 83.726
6 17 57.009
6 18 37.202
6 19 40.05
6 20 74.431
6 21 41.785
6 22 19.647
6 23 53.151
6 24 30.083
6 25 37.108
6 26 37.0
6 27 46.174
6 28 71.421
6 29 74.33
6 30 44.553
6 31 74.632
6 32 78.409
6 33 63.032
6 34 68.425
6 35 18.028
6 36 85.475
6 37 64.203
6 38 69.836
6 39 12.042
6 40 84.865
6 41 44.822
6 42 54.12
6 43 28.443
6 44 24.166
6 45 94.668
6 46 28.231
6 47 24.0
6 48 66.03
6 49 85.703
6 50 41.231
6 51 94.154
6 52 46.487
6 53 57.489
6 54 62.201
6 55 12.53
6 56 85.381
6 57 28.302
6 58 61.522
6 59 71.505
6 60 30.529
6 61 55.172
6 62 69.857
6 63 38.949
6 64 34.366
6 65 30.0
6 66 59.816
6 67 23.431
6 68 96.519
6 69 53.759
6 70 63.325
6 71 17.029
6 72 69.635
6 73 77.929
6 74 18.028
6 75 49.679
6 76 78.026
6 77 55.082
6 78 26.173
6 79 24.413
6 80 73.79
6 81 75.18
6 82 18.974
6 83 39.115
6 84 36.069
6 85 36.014
6 86 57.697
6 87 84.06
6 88 45.0
6 89 46.53
6 90 19.698
6 91 80.156
6 92 75.505
6 93 90.604
6 94 20.396
6 95 49.031
6 96 57.14
6 97 92.282
6 98 38.184
6 99 49.769
6 100 32.573
7 1 19.799
7 2 28.653
7 3 63.348
7 4 23.707
7 5 60.208
7 6 76.276
7 7 0.0
7 8 77.666
7 9 97.99
7 10 46.065
7 11 85.428
7 12 98.615
7 13 43.738
7 14 103.233
7 15 33.121
7 16 10.198
7 17 104.785
7 18 43.012
7 19 103.005
7 20 36.688
7 21 113.172
7 22 65.115
7 23 55.109
7 24 102.552
7 25 95.692
7 26 93.193
7 27 49.01
7 28 94.895
7 29 65.49
7 30 53.488
7 31 86.023
7 32 38.079
7 33 92.418
7 34 12.166
7 35 62.936
7 36 12.166
7 37 97.015
7 38 77.026
7 39 80.056
7 40 75.71
7 41 76.322
7 42 106.438
7 43 51.662
7 44 97.745
7 45 93.744
7 46 65.46
7 47 91.967
7 48 81.498
7 49 23.431
7 50 36.797
7 51 92.763
7 52 48.01
7 53 90.802
7 54 81.049
7 55 76.059
7 56 24.083
7 57 51.624
7 58 51.039
7 59 97.165
7 60 49.98
7 61 25.179
7 62 15.033
7 63 68.447
7 64 56.08
7 65 96.426
7 66 17.088
7 67 77.621
7 68 98.478
7 69 110.145
7 70 26.077
7 71 76.42
7 72 83.217
7 73 34.015
7 74 67.209
7 75 86.729
7 76 43.658
7 77 107.331
7 78 68.154
7 79 51.865
7 80 10.44
7 81 7.616
7 82 73.389
7 83 66.121
7 84 41.629
7 85 49.93
7 86 102.318
7 87 88.363
7 88 46.615
7 89 30.414
7 90 60.415
7 91 50.922
7 92 30.083
7 93 98.412
7 94 63.702
7 95 105.309
7 96 39.459
7 97 90.609
7 98 39.395
7 99 99.282
7 100 45.967
8 1 58.31
8 2 69.893
8 3 57.035
8 4 69.814
8 5 61.131
8 6 28.32
8 7 77.666
8 8 0.0
8 9 25.179
8 10 43.105
8 11 25.495
8 12 64.661
8 13 56.08
8 14 37.0
8 15 50.289
8 16 82.219
8 17 32.062
8 18 51.088
8 19 25.495
8 20 62.177
8 21 38.471
8 22 16.0
8 23 34.482
8 24 30.806
8 25 18.028
8 26 15.652
8 27 65.192
8 28 43.139
8 29 52.01
8 30 28.653
8 31 47.413
8 32 65.742
8 33 34.713
8 34 66.843
8 35 20.025
8 36 83.546
8 37 36.056
8 38 43.966
8 39 40.311
8 40 60.828
8 41 17.464
8 42 31.257
8 43 27.514
8 44 29.017
8 45 68.029
8 46 12.207
8 47 19.235
8 48 38.91
8 49 79.025
8 50 41.593
8 51 67.624
8 52 65.123
8 53 29.206
8 54 34.886
8 55 40.608
8 56 78.409
8 57 45.177
8 58 43.966
8 59 43.186
8 60 47.096
8 61 63.891
8 62 66.528
8 63 15.133
8 64 21.932
8 65 21.024
8 66 64.405
8 67 5.0
8 68 69.354
8 69 33.526
8 70 56.639
8 71 11.314
8 72 42.485
8 73 66.731
8 74 15.133
8 75 21.401
8 76 63.325
8 77 32.249
8 78 51.894
8 79 35.014
8 80 71.589
8 81 73.878
8 82 46.325
8 83 63.906
8 84 47.381
8 85 27.803
8 86 31.575
8 87 57.271
8 88 33.422
8 89 48.301
8 90 40.522
8 91 63.063
8 92 65.734
8 93 62.968
8 94 17.029
8 95 28.46
8 96 45.486
8 97 65.924
8 98 48.662
8 99 25.0
8 100 33.242
9 1 79.712
9 2 84.386
9 3 60.374
9 4 85.604
9 5 86.122
9 6 50.99
9 7 97.99
9 8 25.179
9 9 0.0
9 10 68.0
9 11 44.407
9 12 52.773
9 13 67.209
9 14 47.17
9 15 73.98
9 16 100.846
9 17 7.071
9 18 76.0
9 19 20.881
9 20 74.967
9 21 37.656
9 22 41.11
9 23 46.098
9 24 37.59
9 25 16.401
9 26 14.866
9 27 90.355
9 28 28.443
9 29 54.562
9 30 44.777
9 31 39.115
9 32 77.795
9 33 20.025
9 34 86.313
9 35 45.177
9 36 101.872
9 37 17.72
9 38 40.804
9 39 62.266
9 40 58.941
9 41 22.204
9 42 9.22
9 43 51.352
9 44 40.0
9 45 59.076
9 46 35.228
9 47 31.113
9 48 32.985
9 49 94.641
9 50 64.031
9 51 59.034
9 52 90.272
9 53 15.133
9 54 29.411
9 55 63.506
9 56 93.862
9 57 70.349
9 58 54.452
9 59 26.926
9 60 72.25
9 61 87.476
9 62 85.088
9 63 29.547
9 64 42.72
9 65 27.203
9 66 86.683
9 67 28.862
9 68 58.549
9 69 14.765
9 70 74.095
9 71 34.785
9 72 35.511
9 73 79.931
9 74 40.311
9 75 12.806
9 76 73.756
9 77 9.899
9 78 76.217
9 79 60.033
9 80 90.427
9 81 93.059
9 82 69.857
9 83 88.6
9 84 72.062
9 85 49.041
9 86 6.708
9 87 49.01
9 88 51.43
9 89 70.605
9 90 65.513
9 91 71.028
9 92 80.156
9 93 50.804
9 94 42.048
9 95 12.166
9 96 61.033
9 97 58.0
9 98 73.171
9 99 3.0
9 100 56.719
10 1 27.893
10 2 55.145
10 3 67.801
10 4 52.0
10 5 24.839
10 6 31.113
10 7 46.065
10 8 43.105
10 9 68.0
10 10 0.0
10 11 41.231
10 12 92.914
10 13 53.712
10 14 58.728
10 15 13.0
10 16 54.424
10 17 75.007
10 18 8.0
10 19 65.146
10 20 53.852
10 21 71.344
10 22 27.166
10 23 44.598
10 24 59.908
10 25 59.439
10 26 57.871
10 27 23.409
10 28 78.186
10 29 65.856
10 30 36.401
10 31 75.802
10 32 57.723
10 33 71.84
10 34 40.025
10 35 23.345
10 36 56.303
10 37 74.953
10 38 68.242
10 39 34.015
10 40 77.833
10 41 51.662
10 42 74.33
10 43 18.028
10 44 54.406
10 45 92.315
10 46 33.242
10 47 50.99
10 48 68.0
10 49 59.304
10 50 17.088
10 51 91.548
10 52 23.087
10 53 67.683
10 54 65.307
10 55 30.083
10 56 59.211
10 57 7.28
10 58 49.204
10 59 79.379
10 60 7.211
10 61 24.083
10 62 42.426
10 63 42.72
10 64 29.547
10 65 56.462
10 66 29.155
10 67 40.608
10 68 95.603
10 69 76.118
10 70 39.319
10 71 36.688
10 72 71.197
10 73 55.902
10 74 28.443
10 75 60.828
10 76 59.464
10 77 75.326
10 78 25.318
10 79 8.246
10 80 45.354
10 81 46.174
10 82 28.284
10 83 30.232
10 84 5.0
10 85 25.239
10 86 74.061
10 87 83.006
10 88 31.828
10 89 19.0
10 90 14.56
10 91 63.977
10 92 52.469
10 93 91.81
10 94 26.077
10 95 71.021
10 96 39.357
10 97 89.376
10 98 7.071
10 99 68.066
10 100 15.0
11 1 65.803
11 2 85.703
11 3 80.505
11 4 84.309
11 5 48.508
11 6 10.77
11 7 85.428
11 8 25.495
11 9 44.407
11 10 41.231
11 11 0.0
11 12 90.05
11 13 75.664
11 14 17.804
11 15 53.038
11 16 92.358
11 17 49.739
11 18 47.707
11 19 30.594
11 20 80.05
11 21 31.016
11 22 23.537
11 23 56.009
11 24 19.313
11 25 29.069
11 26 29.682
11 27 56.921
11 28 67.801
11 29 75.954
11 30 48.094
11 31 72.897
11 32 83.952
11 33 59.034
11 34 76.851
11 35 23.77
11 36 94.032
11 37 59.414
11 38 69.289
11 39 18.682
11 40 85.615
11 41 42.953
11 42 46.098
11 43 35.341
11 44 13.416
11 45 93.52
11 46 30.017
11 47 14.56
11 48 64.405
11 49 93.107
11 50 49.396
11 51 93.107
11 52 57.245
11 53 53.263
11 54 60.374
11 55 21.095
11 56 92.704
11 57 38.949
11 58 65.031
11 59 67.476
11 60 41.183
11 61 65.299
11 62 77.897
11 63 39.051
11 64 38.328
11 65 20.396
11 66 69.354
11 67 20.616
11 68 94.826
11 69 44.922
11 70 70.385
11 71 15.297
11 72 67.978
11 73 83.934
11 74 21.378
11 75 45.607
11 76 82.873
11 77 47.011
11 78 36.014
11 79 33.941
11 80 82.152
11 81 83.762
11 82 28.071
11 83 49.01
11 84 46.228
11 85 41.485
11 86 51.039
11 87 82.765
11 88 50.01
11 89 55.218
11 90 30.463
11 91 84.149
11 92 81.908
11 93 88.323
11 94 24.739
11 95 40.497
11 96 62.586
11 97 91.389
11 98 48.27
11 99 42.72
11 100 40.311
12 1 87.641
12 2 73.062
12 3 36.056
12 4 77.0
12 5 117.004
12 6 92.201
12 7 98.615
12 8 64.661
12 9 52.773
12 10 92.914
12 11 90.05
12 12 0.0
12 13 55.082
12 14 98.082
12 15 91.236
12 16 96.005
12 17 53.038
12 18 99.644
12 19 73.546
12 20 63.0
12 21 90.427
12 22 74.33
12 23 49.193
12 24 89.185
12 25 67.72
12 26 65.146
12 27 115.763
12 28 24.331
12 29 33.136
12 30 56.604
12 31 17.692
12 32 63.127
12 33 32.985
12 34 86.977
12 35 77.795
12 36 96.005
12 37 35.228
12 38 24.698
12 39 104.202
12 40 24.515
12 41 47.434
12 42 59.076
12 43 75.604
12 44 90.25
12 45 9.22
12 46 65.115
12 47 80.231
12 48 26.249
12 49 83.295
12 50 79.605
12 51 9.899
12 52 115.248
12 53 38.601
12 54 30.0
12 55 103.711
12 56 82.298
12 57 98.6
12 58 48.765
12 59 26.077
12 60 99.624
12 61 101.592
12 62 83.6
12 63 53.814
12 64 64.031
12 65 78.109
12 66 95.88
12 67 69.642
12 68 6.083
12 69 65.031
12 70 73.164
12 71 75.717
12 72 22.672
12 73 67.067
12 74 75.166
12 75 45.31
12 76 57.14
12 77 59.034
12 78 111.759
12 79 87.618
12 80 88.363
12 81 91.351
12 82 108.301
12 83 121.511
12 84 94.668
12 85 67.676
12 86 49.092
12 87 10.44
12 88 62.177
12 89 83.774
12 90 98.412
12 91 50.359
12 92 70.0
12 93 2.0
12 94 74.277
12 95 64.382
12 96 61.4
12 97 10.817
12 98 94.515
12 99 55.731
12 100 77.936
13 1 36.401
13 2 18.974
13 3 19.647
13 4 22.204
13 5 77.897
13 6 71.0
13 7 43.738
13 8 56.08
13 9 67.209
13 10 53.712
13 11 75.664
13 12 55.082
13 13 0.0
13 14 91.444
13 15 45.804
13 16 41.049
13 17 72.863
13 18 57.454
13 19 79.756
13 20 8.544
13 21 94.43
13 22 52.24
13 23 21.954
13 24 86.649
13 25 71.694
13 26 68.6
13 27 72.007
13 28 55.154
13 29 22.0
13 30 27.893
13 31 44.147
13 32 10.63
13 33 55.227
13 34 32.573
13 35 53.009
13 36 41.195
13 37 60.208
13 38 35.44
13 39 80.399
13 40 32.016
13 41 45.607
13 42 76.42
13 43 43.29
13 44 83.934
13 45 50.01
13 46 46.325
13 47 74.947
13 48 41.629
13 49 29.732
13 50 36.674
13 51 49.031
13 52 71.218
13 53 55.606
13 54 42.544
13 55 77.782
13 56 28.792
13 57 60.926
13 58 12.806
13 59 57.775
13 60 60.836
13 61 51.856
13 62 28.862
13 63 41.593
13 64 37.336
13 65 77.078
13 66 44.102
13 67 58.822
13 68 54.745
13 69 81.566
13 70 19.723
13 71 61.392
13 72 42.379
13 73 13.416
13 74 54.332
13 75 54.452
13 76 7.28
13 77 77.104
13 78 78.435
13 79 52.887
13 80 33.377
13 81 36.346
13 82 79.076
13 83 83.648
13 84 52.839
13 85 35.014
13 86 69.426
13 87 45.0
13 88 26.0
13 89 37.202
13 90 65.521
13 91 10.296
13 92 15.297
13 93 55.009
13 94 51.157
13 95 77.621
13 96 14.56
13 97 46.872
13 98 51.624
13 99 69.426
13 100 41.231
14 1 83.6
14 2 102.694
14 3 94.021
14 4 101.553
14 5 62.626
14 6 27.659
14 7 103.233
14 8 37.0
14 9 47.17
14 10 58.728
14 11 17.804
14 12 98.082
14 13 91.444
14 14 0.0
14 15 70.767
14 16 110.114
14 17 50.448
14 18 64.815
14 19 27.586
14 20 96.462
14 21 18.248
14 22 40.311
14 23 70.711
14 24 9.899
14 25 30.887
14 26 33.106
14 27 72.45
14 28 74.324
14 29 89.006
14 30 63.561
14 31 82.006
14 32 100.285
14 33 65.391
14 34 94.578
14 35 41.183
14 36 111.772
14 37 64.413
14 38 80.062
14 39 30.364
14 40 97.514
14 41 53.46
14 42 45.277
14 43 52.839
14 44 8.062
14 45 102.883
14 46 45.122
14 47 18.248
14 48 73.98
14 49 110.463
14 50 67.119
14 51 102.616
14 52 72.897
14 53 59.615
14 54 69.857
14 55 34.176
14 56 110.023
14 57 55.803
14 58 80.062
14 59 73.348
14 60 58.009
14 61 82.807
14 62 95.525
14 63 52.038
14 64 54.406
14 65 20.125
14 66 87.115
14 67 33.136
14 68 103.407
14 69 41.869
14 70 87.664
14 71 30.083
14 72 77.369
14 73 100.568
14 74 38.079
14 75 52.811
14 76 98.717
14 77 45.967
14 78 49.336
14 79 51.662
14 80 99.86
14 81 101.514
14 82 40.804
14 83 61.847
14 84 63.702
14 85 58.31
14 86 53.009
14 87 92.179
14 88 66.408
14 89 73.007
14 90 46.872
14 91 99.298
14 92 98.793
14 93 96.208
14 94 41.629
14 95 38.897
14 96 79.057
14 97 101.139
14 98 65.795
14 99 44.654
14 100 57.983
15 1 15.133
15 2 43.932
15 3 62.29
15 4 40.311
15 5 32.894
15 6 43.417
15 7 33.121
15 8 50.289
15 9 73.98
15 10 13.0
15 11 53.038
15 12 91.236
15 13 45.804
15 14 70.767
15 15 0.0
15 16 41.437
15 17 81.049
15 18 12.369
15 19 74.25
15 20 44.283
15 21 82.201
15 22 35.341
15 23 42.048
15 24 71.063
15 25 67.779
15 26 65.788
15 27 26.249
15 28 79.624
15 29 61.4
15 30 35.44
15 31 75.027
15 32 47.927
15 33 74.431
15 34 27.295
15 35 32.249
15 36 43.324
15 37 78.16
15 38 66.708
15 39 47.011
15 40 73.41
15 41 55.009
15 42 81.253
15 43 22.804
15 44 65.856
15 45 89.359
15 46 38.833
15 47 61.294
15 48 68.007
15 49 47.011
15 50 11.705
15 51 88.51
15 52 25.495
15 53 71.063
15 54 65.97
15 55 43.081
15 56 47.0
15 57 19.235
15 58 44.204
15 59 81.216
15 60 18.028
15 61 13.601
15 62 30.017
15 63 46.0
15 64 32.0
15 65 66.37
15 66 16.401
15 67 48.847
15 68 93.15
15 69 83.815
15 70 28.792
15 71 46.141
15 72 70.838
15 73 45.541
15 74 37.121
15 75 65.031
15 76 50.606
15 77 82.225
15 78 37.014
15 79 19.105
15 80 32.558
15 81 33.242
15 82 41.0
15 83 38.897
15 84 9.055
15 85 26.077
15 86 79.511
15 87 80.951
15 88 29.155
15 89 8.602
15 90 27.514
15 91 56.036
15 92 41.761
15 93 90.377
15 94 34.015
15 95 78.746
15 96 32.527
15 97 86.284
15 98 7.0
15 99 74.525
15 100 17.263
16 1 26.833
16 2 23.345
16 3 60.075
16 4 19.026
16 5 70.064
16 6 83.726
16 7 10.198
16 8 82.219
16 9 100.846
16 10 54.424
16 11 92.358
16 12 96.005
16 13 41.049
16 14 110.114
16 15 41.437
16 16 0.0
16 17 107.424
16 18 52.173
16 19 107.713
16 20 33.015
16 21 118.929
16 22 70.937
16 23 56.08
16 24 108.706
16 25 100.125
16 26 97.453
16 27 59.076
16 28 94.831
16 29 63.032
16 30 56.08
16 31 84.853
16 32 33.377
16 33 93.301
16 34 15.62
16 35 69.203
16 36 2.0
16 37 98.082
16 38 75.954
16 39 88.391
16 40 72.25
16 41 78.772
16 42 109.604
16 43 57.628
16 44 104.202
16 45 90.355
16 46 70.093
16 47 97.745
16 48 81.253
16 49 15.264
16 50 43.012
16 51 89.359
16 52 58.078
16 53 92.309
16 54 81.32
16 55 84.504
16 56 16.125
16 57 60.44
16 58 50.448
16 59 97.268
16 60 58.941
16 61 35.014
16 62 15.811
16 63 71.561
16 64 60.308
16 65 101.833
16 66 26.306
16 67 82.735
16 68 95.258
16 69 113.719
16 70 26.833
16 71 82.219
16 72 82.565
16 73 29.275
16 74 73.11
16 75 89.006
16 76 39.319
16 77 110.454
16 78 77.466
16 79 59.481
16 80 10.63
16 81 8.602
16 82 82.28
16 83 76.026
16 84 50.289
16 85 54.489
16 86 104.657
16 87 86.023
16 88 49.649
16 89 37.216
16 90 68.949
16 91 46.53
16 92 26.019
16 93 96.005
16 94 69.527
16 95 109.041
16 96 40.311
16 97 87.281
16 98 48.083
16 99 102.396
16 100 52.202
17 1 86.649
17 2 90.427
17 3 64.661
17 4 91.837
17 5 92.763
17 6 57.009
17 7 104.785
17 8 32.062
17 9 7.071
17 10 75.007
17 11 49.739
17 12 53.038
17 13 72.863
17 14 50.448
17 15 81.049
17 16 107.424
17 17 0.0
17 18 83.006
17 19 23.022
17 20 80.808
17 21 38.626
17 22 48.042
17 23 52.202
17 24 40.608
17 25 20.809
17 26 20.125
17 27 97.252
17 28 29.069
17 29 58.83
17 30 51.43
17 31 41.231
17 32 83.487
17 33 21.84
17 34 93.038
17 35 52.086
17 36 108.407
17 37 18.111
17 38 44.283
17 39 67.978
17 40 62.032
17 41 28.653
17 42 6.083
17 43 58.421
17 44 43.841
17 45 60.133
17 46 42.297
17 47 35.805
17 48 36.249
17 49 100.802
17 50 71.063
17 51 60.208
17 52 97.185
17 53 18.358
17 54 33.121
17 55 69.462
17 56 100.0
17 57 77.233
17 58 60.208
17 59 27.0
17 60 79.158
17 61 94.541
17 62 91.706
17 63 36.401
17 64 49.729
17 65 31.145
17 66 93.68
17 67 35.511
17 68 59.008
17 69 12.0
17 70 80.623
17 71 41.231
17 72 38.275
17 73 85.796
17 74 47.17
17 75 18.601
17 76 79.209
17 77 6.0
17 78 82.565
17 79 67.007
17 80 97.062
17 81 99.73
17 82 75.961
17 83 95.079
17 84 79.101
17 85 56.045
17 86 4.123
17 87 50.636
17 88 58.181
17 89 77.621
17 90 72.18
17 91 76.059
17 92 86.215
17 93 51.039
17 94 49.01
17 95 12.083
17 96 67.417
17 97 59.414
17 98 80.225
17 99 7.28
17 100 63.789
18 1 27.019
18 2 56.294
18 3 72.918
18 4 52.612
18 5 20.616
18 6 37.202
18 7 43.012
18 8 51.088
18 9 76.0
18 10 8.0
18 11 47.707
18 12 99.644
18 13 57.454
18 14 64.815
18 15 12.369
18 16 52.173
18 17 83.006
18 18 0.0
18 19 72.801
18 20 56.462
18 21 78.294
18 22 35.128
18 23 50.804
18 24 66.731
18 25 67.268
18 26 65.765
18 27 16.125
18 28 85.703
18 29 71.449
18 30 43.046
18 31 82.765
18 32 60.166
18 33 79.555
18 34 39.013
18 35 31.257
18 36 54.129
18 37 82.765
18 38 74.947
18 39 38.013
18 40 83.487
18 41 59.439
18 42 82.298
18 43 25.71
18 44 61.057
18 45 98.6
18 46 41.195
18 47 58.31
18 48 75.153
18 49 59.034
18 50 21.26
18 51 97.801
18 52 15.652
18 53 75.505
18 54 72.615
18 55 33.838
18 56 59.076
18 57 9.22
18 58 54.452
18 59 86.977
18 60 7.211
18 61 18.868
18 62 42.048
18 63 50.448
18 64 37.0
18 65 63.906
18 66 25.962
18 67 48.508
18 68 102.078
18 69 84.012
18 70 41.11
18 71 44.385
18 72 78.262
18 73 57.871
18 74 36.346
18 75 68.731
18 76 62.61
18 77 83.295
18 78 25.318
18 79 16.125
18 80 44.102
18 81 44.407
18 82 30.463
18 83 26.571
18 84 5.0
18 85 32.202
18 86 82.055
18 87 89.588
18 88 37.802
18 89 20.616
18 90 18.439
18 91 67.742
18 92 54.12
18 93 98.615
18 94 34.059
18 95 78.918
18 96 43.6
18 97 95.603
18 98 5.831
18 99 76.059
18 100 21.932
19 1 83.487
19 2 94.81
19 3 76.922
19 4 95.016
19 5 78.006
19 6 40.05
19 7 103.005
19 8 25.495
19 9 20.881
19 10 65.146
19 11 30.594
19 12 73.546
19 13 79.756
19 14 27.586
19 15 74.25
19 16 107.713
19 17 23.022
19 18 72.801
19 19 0.0
19 20 86.533
19 21 17.029
19 22 38.91
19 23 57.801
19 24 17.692
19 25 8.062
19 26 11.18
19 27 84.853
19 28 49.244
19 29 71.309
19 30 53.413
19 31 59.076
19 32 89.889
19 33 40.608
19 34 92.315
19 35 42.154
19 36 109.041
19 37 38.601
19 38 59.304
19 39 49.244
19 40 77.524
19 41 35.114
19 42 17.692
19 43 51.971
19 44 21.633
19 45 79.511
19 46 37.643
19 47 16.125
19 48 52.038
19 49 104.235
19 50 66.573
19 51 79.404
19 52 85.0
19 53 35.228
19 54 48.094
19 55 51.624
19 56 103.586
19 57 65.307
19 58 67.119
19 59 47.802
19 60 67.469
19 61 87.727
19 62 92.022
19 63 38.275
19 64 47.424
19 65 10.198
19 66 89.185
19 67 25.554
19 68 79.246
19 69 14.765
19 70 82.037
19 71 28.46
19 72 55.0
19 73 91.263
19 74 37.162
19 75 30.067
19 76 86.833
19 77 18.385
19 78 66.189
19 79 56.921
19 80 97.082
19 81 99.358
19 82 58.549
19 83 79.158
19 84 69.893
19 85 53.263
19 86 25.942
19 87 69.181
19 88 58.728
19 89 73.246
19 90 58.31
19 91 85.493
19 92 90.604
19 93 71.589
19 94 40.249
19 95 11.314
19 96 70.434
19 97 78.23
19 98 71.512
19 99 18.028
19 100 57.801
20 1 32.65
20 2 10.44
20 3 27.074
20 4 14.0
20 5 77.078
20 6 74.431
20 7 36.688
20 8 62.177
20 9 74.967
20 10 53.852
20 11 80.05
20 12 63.0
20 13 8.544
20 14 96.462
20 15 44.283
20 16 33.015
20 17 80.808
20 18 56.462
20 19 86.533
20 20 0.0
20 21 100.648
20 22 56.515
20 23 29.069
20 24 92.309
20 25 78.492
20 26 75.452
20 27 69.971
20 28 63.695
20 29 30.15
20 30 33.541
20 31 52.631
20 32 4.0
20 33 63.632
20 34 26.42
20 35 56.719
20 36 33.015
20 37 68.6
20 38 43.966
20 39 83.0
20 40 39.319
20 41 53.075
20 42 84.149
20 43 46.098
20 44 89.196
20 45 57.428
20 46 51.624
20 47 80.623
20 48 50.16
20 49 21.19
20 50 36.878
20 51 56.436
20 52 69.116
20 53 63.82
20 54 51.0
20 55 80.056
20 56 20.248
20 57 61.131
20 58 20.616
20 59 66.31
20 60 60.729
20 61 48.166
20 62 22.361
20 63 48.26
20 64 42.059
20 65 83.187
20 66 39.623
20 67 64.475
20 68 62.29
20 69 89.14
20 70 15.811
20 71 66.408
20 72 50.922
20 73 5.0
20 74 58.694
20 75 62.29
20 76 7.211
20 77 84.865
20 78 79.076
20 79 54.332
20 80 26.249
20 81 29.12
20 82 80.623
20 83 83.006
20 84 52.202
20 85 38.639
20 86 77.466
20 87 53.085
20 88 30.083
20 89 35.847
20 90 66.753
20 91 14.318
20 92 7.0
20 93 63.032
20 94 55.317
20 95 85.041
20 96 17.464
20 97 54.332
20 98 50.695
20 99 77.078
20 100 43.046
21 1 93.381
21 2 108.227
21 3 93.172
21 4 107.898
21 5 79.076
21 6 41.785
21 7 113.172
21 8 38.471
21 9 37.656
21 10 71.344
21 11 31.016
21 12 90.427
21 13 94.43
21 14 18.248
21 15 82.201
21 16 118.929
21 17 38.626
21 18 78.294
21 19 17.029
21 20 100.648
21 21 0.0
21 22 48.083
21 23 72.615
21 24 11.705
21 25 24.187
21 26 27.295
21 27 87.92
21 28 66.098
21 29 87.664
21 30 67.119
21 31 76.105
21 32 104.202
21 33 57.559
21 34 103.325
21 35 50.329
21 36 120.416
21 37 55.317
21 38 76.164
21 39 47.381
21 40 94.34
21 41 51.196
21 42 32.696
21 43 61.522
21 44 17.72
21 45 96.519
21 46 49.649
21 47 21.213
21 48 69.007
21 49 117.068
21 50 76.381
21 51 96.421
21 52 88.255
21 53 52.24
21 54 65.031
21 55 50.804
21 56 116.499
21 57 69.778
21 58 82.079
21 59 64.537
21 60 72.014
21 61 95.131
21 62 103.586
21 63 52.924
21 64 59.641
21 65 17.493
21 66 98.082
21 67 36.62
21 68 96.177
21 69 27.785
21 70 94.403
21 71 36.77
21 72 72.007
21 73 105.19
21 74 45.967
21 75 47.011
21 76 101.637
21 77 33.106
21 78 66.098
21 79 63.514
21 80 108.374
21 81 110.39
21 82 57.706
21 83 78.918
21 84 76.322
21 85 64.815
21 86 42.059
21 87 86.209
21 88 71.561
21 89 82.807
21 90 61.465
21 91 100.901
21 92 104.101
21 93 88.459
21 94 49.497
21 95 26.571
21 96 83.863
21 97 95.258
21 98 78.23
21 99 34.713
21 100 67.209
22 1 45.343
22 2 62.394
22 3 58.694
22 4 61.27
22 5 45.88
22 6 19.647
22 7 65.115
22 8 16.0
22 9 41.11
22 10 27.166
22 11 23.537
22 12 74.33
22 13 52.24
22 14 40.311
22 15 35.341
22 16 70.937
22 17 48.042
22 18 35.128
22 19 38.91
22 20 56.515
22 21 48.083
22 22 0.0
22 23 33.541
22 24 37.802
22 25 32.573
22 26 30.806
22 27 49.254
22 28 55.471
22 29 54.708
22 30 25.08
22 31 56.639
22 32 60.415
22 33 47.885
22 34 55.317
22 35 4.123
22 36 72.471
22 37 50.16
22 38 51.039
22 39 30.871
22 40 65.391
22 41 28.018
22 42 47.17
22 43 13.454
22 44 33.615
22 45 76.026
22 46 9.22
22 47 26.87
22 48 48.104
22 49 70.235
22 50 28.32
22 51 75.452
22 52 49.163
22 53 42.953
22 54 44.553
22 55 29.682
22 56 69.771
22 57 29.275
22 58 42.107
22 59 56.08
22 60 31.145
22 61 48.847
22 62 55.803
22 63 20.518
22 64 15.0
22 65 31.401
22 66 50.478
22 67 13.601
22 68 78.243
22 69 49.031
22 70 47.413
22 71 11.314
22 72 51.662
22 73 60.44
22 74 2.236
22 75 35.468
22 76 59.414
22 77 48.166
22 78 38.013
22 79 19.026
22 80 60.44
22 81 62.37
22 82 33.971
22 83 49.193
22 84 31.575
22 85 18.028
22 86 47.381
22 87 65.605
22 88 26.476
22 89 34.828
22 90 25.495
22 91 61.0
22 92 58.523
22 93 72.863
22 94 1.414
22 95 43.932
22 96 39.051
22 97 73.498
22 98 32.985
22 99 41.0
22 100 19.209
23 1 40.112
23 2 38.288
23 3 25.298
23 4 39.661
23 5 69.296
23 6 53.151
23 7 55.109
23 8 34.482
23 9 46.098
23 10 44.598
23 11 56.009
23 12 49.193
23 13 21.954
23 14 70.711
23 15 42.048
23 16 56.08
23 17 52.202
23 18 50.804
23 19 57.801
23 20 29.069
23 21 72.615
23 22 33.541
23 23 0.0
23 24 65.253
23 25 49.739
23 26 46.648
23 27 66.851
23 28 40.05
23 29 21.954
23 30 8.944
23 31 33.242
23 32 32.202
23 33 37.363
23 34 42.953
23 35 35.44
23 36 56.859
23 37 42.059
23 38 24.698
23 39 63.891
23 40 33.601
23 41 24.042
23 42 55.227
23 43 28.844
23 44 62.968
23 45 47.802
23 46 26.0
23 47 53.6
23 48 27.074
23 49 48.6
23 50 30.414
23 51 47.011
23 52 66.287
23 53 36.249
23 54 26.077
23 55 62.032
23 56 47.802
23 57 50.931
23 58 9.487
23 59 42.19
23 60 51.624
23 61 52.887
23 62 40.804
23 63 19.698
23 64 18.974
23 65 55.362
23 66 48.26
23 67 37.656
23 68 51.313
23 69 60.108
23 70 29.411
23 71 41.049
23 72 29.428
23 73 33.971
23 74 35.355
23 75 33.601
23 76 29.069
23 77 55.973
23 78 66.287
23 79 40.608
23 80 46.174
23 81 49.041
23 82 64.846
23 83 74.33
23 84 45.804
23 85 20.0
23 86 49.092
23 87 38.949
23 88 13.038
23 89 34.785
23 90 52.697
23 91 28.636
23 92 34.059
23 93 48.332
23 94 32.757
23 95 55.973
23 96 15.811
23 97 44.822
23 98 45.486
23 99 48.104
23 100 29.698
24 1 82.759
24 2 99.298
24 3 87.464
24 4 98.615
24 5 67.469
24 6 30.083
24 7 102.552
24 8 30.806
24 9 37.59
24 10 59.908
24 11 19.313
24 12 89.185
24 13 86.649
24 14 9.899
24 15 71.063
24 16 108.706
24 17 40.608
24 18 66.731
24 19 17.692
24 20 92.309
24 21 11.705
24 22 37.802
24 23 65.253
24 24 0.0
24 25 21.541
24 26 24.042
24 27 76.217
24 28 65.192
24 29 82.219
24 30 58.873
24 31 73.546
24 32 96.005
24 33 56.303
24 34 93.086
24 35 39.623
24 36 110.259
24 37 55.036
24 38 72.25
24 39 36.056
24 40 90.05
24 41 46.0
24 42 35.384
24 43 51.088
24 44 6.083
24 45 94.366
24 46 40.719
24 47 11.705
24 48 65.765
24 49 107.703
24 50 65.856
24 51 94.149
24 52 76.551
24 53 50.596
24 54 61.66
24 55 39.319
24 56 107.187
24 57 58.138
24 58 74.726
24 59 64.078
24 60 60.374
24 61 83.815
24 62 93.6
24 63 45.891
24 64 50.537
24 65 11.18
24 66 87.115
24 67 27.857
24 68 94.641
24 69 32.016
24 70 84.906
24 71 26.627
24 72 69.051
24 73 96.664
24 74 35.609
24 75 44.147
24 76 93.92
24 77 36.069
24 78 54.589
24 79 52.202
24 80 98.234
24 81 100.125
24 82 46.271
24 83 67.476
24 84 64.9
24 85 55.227
24 86 43.267
24 87 83.744
24 88 62.61
24 89 72.139
24 90 49.769
24 91 93.862
24 92 95.258
24 93 87.281
24 94 39.205
24 95 29.0
24 96 75.153
24 97 92.763
24 98 66.851
24 99 34.986
24 100 56.639
25 1 76.322
25 2 86.833
25 3 69.123
25 4 87.115
25 5 74.243
25 6 37.108
25 7 95.692
25 8 18.028
25 9 16.401
25 10 59.439
25 11 29.069
25 12 67.72
25 13 71.694
25 14 30.887
25 15 67.779
25 16 100.125
25 17 20.809
25 18 67.268
25 19 8.062
25 20 78.492
25 21 24.187
25 22 32.573
25 23 49.739
25 24 21.541
25 25 0.0
25 26 3.162
25 27 80.156
25 28 43.658
25 29 63.561
25 30 45.453
25 31 52.469
25 32 81.835
25 33 34.785
25 34 84.812
25 35 36.139
25 36 101.415
25 37 33.541
25 38 52.038
25 39 47.539
25 40 70.178
25 41 27.203
25 42 17.088
25 43 45.188
25 44 23.601
25 45 73.164
25 46 30.232
25 47 15.0
25 48 45.044
25 49 96.333
25 50 59.54
25 51 72.993
25 52 80.225
25 53 29.12
25 54 41.012
25 55 49.336
25 56 95.671
25 57 60.299
25 58 59.059
25 59 42.544
25 60 62.394
25 61 81.345
25 62 84.386
25 63 30.232
25 64 39.825
25 65 10.817
25 66 82.298
25 67 18.974
25 68 73.246
25 69 17.0
25 70 74.25
25 71 23.087
25 72 48.166
25 73 83.235
25 74 31.048
25 75 23.087
25 76 78.772
25 77 18.028
25 78 63.151
25 79 51.196
25 80 89.499
25 81 91.831
25 82 56.045
25 83 75.954
25 84 64.031
25 85 45.804
25 86 22.627
25 87 62.65
25 88 50.912
25 89 66.242
25 90 54.009
25 91 77.473
25 92 82.62
25 93 65.803
25 94 33.838
25 95 12.042
25 96 62.482
25 97 71.701
25 98 65.521
25 99 14.142
25 100 50.99
26 1 73.926
26 2 83.869
26 3 65.97
26 4 84.22
26 5 73.553
26 6 37.0
26 7 93.193
26 8 15.652
26 9 14.866
26 10 57.871
26 11 29.682
26 12 65.146
26 13 68.6
26 14 33.106
26 15 65.788
26 16 97.453
26 17 20.125
26 18 65.765
26 19 11.18
26 20 75.452
26 21 27.295
26 22 30.806
26 23 46.648
26 24 24.042
26 25 3.162
26 26 0.0
26 27 79.025
26 28 41.231
26 29 60.415
26 30 42.521
26 31 49.649
26 32 78.772
26 33 32.311
26 34 82.201
26 35 34.525
26 36 98.717
26 37 31.385
26 38 49.01
26 39 47.854
26 40 67.119
26 41 24.042
26 42 17.263
26 43 43.081
26 44 25.554
26 45 70.406
26 46 27.785
26 47 16.279
26 48 42.107
26 49 93.434
26 50 57.245
26 51 70.214
26 52 79.057
26 53 26.571
26 54 38.053
26 55 49.396
26 56 92.763
26 57 59.076
26 58 55.946
26 59 40.249
26 60 61.131
26 61 79.379
26 62 81.688
26 63 27.203
26 64 37.202
26 65 13.0
26 66 80.056
26 67 17.263
26 68 70.605
26 69 18.248
26 70 71.449
26 71 22.023
26 72 45.277
26 73 80.212
26 74 29.428
26 75 20.224
26 76 75.664
26 77 18.248
26 78 62.817
26 79 49.649
26 80 86.833
26 81 89.202
26 82 55.973
26 83 75.505
26 84 62.37
26 85 43.267
26 86 21.401
26 87 59.841
26 88 48.104
26 89 63.953
26 90 53.151
26 91 74.324
26 92 79.649
26 93 63.246
26 94 32.016
26 95 13.153
26 96 59.548
26 97 68.884
26 98 63.789
26 99 13.038
26 100 48.847
27 1 38.079
27 2 68.154
27 3 88.391
27 4 63.906
27 5 12.53
27 6 46.174
27 7 49.01
27 8 65.192
27 9 90.355
27 10 23.409
27 11 56.921
27 12 115.763
27 13 72.007
27 14 72.45
27 15 26.249
27 16 59.076
27 17 97.252
27 18 16.125
27 19 84.853
27 20 69.971
27 21 87.92
27 22 49.254
27 23 66.851
27 24 76.217
27 25 80.156
27 26 79.025
27 27 0.0
27 28 101.592
27 29 87.207
27 30 59.169
27 31 98.884
27 32 73.43
27 33 95.21
27 34 48.765
27 35 45.177
27 36 61.074
27 37 98.234
27 38 91.066
27 39 42.72
27 40 99.247
27 41 75.0
27 42 96.005
27 43 41.437
27 44 70.228
27 45 114.621
27 46 56.294
27 47 69.426
27 48 91.236
27 49 68.884
27 50 36.878
27 51 113.811
27 52 1.0
27 53 90.956
27 54 88.64
27 55 38.588
27 56 69.123
27 57 20.025
27 58 70.093
27 59 102.786
27 60 18.111
27 61 24.331
27 62 52.498
27 63 66.098
27 64 52.924
27 65 75.313
27 66 33.734
27 67 62.008
27 68 118.152
27 69 97.129
27 70 54.203
27 71 57.079
27 72 94.366
27 73 70.661
27 74 50.09
27 75 83.952
27 76 76.551
27 77 97.005
27 78 24.759
27 79 30.594
27 80 53.151
27 81 52.612
27 82 32.802
27 83 17.72
27 84 21.095
27 85 48.301
27 86 96.628
27 87 105.688
27 88 53.824
27 89 34.828
27 90 26.683
27 91 82.201
27 92 66.641
27 93 114.739
27 94 48.374
27 95 92.087
27 96 58.728
27 97 111.606
27 98 21.401
27 99 90.139
27 100 38.013
28 1 80.006
28 2 74.095
28 3 41.231
28 4 76.844
28 5 100.648
28 6 71.421
28 7 94.895
28 8 43.139
28 9 28.443
28 10 78.186
28 11 67.801
28 12 24.331
28 13 55.154
28 14 74.324
28 15 79.624
28 16 94.831
28 17 29.069
28 18 85.703
28 19 49.244
28 20 63.695
28 21 66.098
28 22 55.471
28 23 40.05
28 24 65.192
28 25 43.658
28 26 41.231
28 27 101.592
28 28 0.0
28 29 35.805
28 30 44.407
28 31 13.601
28 32 65.307
28 33 8.944
28 34 82.735
28 35 59.363
28 36 95.336
28 37 11.0
28 38 20.248
28 39 83.439
28 40 35.228
28 41 27.459
28 42 35.014
28 43 60.166
28 44 66.641
28 45 31.064
28 46 46.648
28 47 56.824
28 48 13.601
28 49 84.865
28 50 68.066
28 51 31.145
28 52 101.242
28 53 14.765
28 54 14.0
28 55 83.546
28 56 83.934
28 57 82.765
28 58 44.385
28 59 2.828
28 60 84.172
28 61 91.788
28 62 80.231
28 63 35.777
28 64 48.703
28 65 54.231
28 66 88.051
28 67 48.104
28 68 30.15
28 69 41.049
28 70 68.884
28 71 54.452
28 72 13.038
28 73 68.542
28 74 55.803
28 75 22.204
28 76 59.942
28 77 35.057
28 78 93.477
28 79 71.589
28 80 85.51
28 81 88.459
28 82 88.865
28 83 104.446
28 84 80.957
28 85 53.852
28 86 25.02
28 87 21.84
28 88 51.245
28 89 73.553
28 90 80.777
28 91 54.918
28 92 70.228
28 93 22.361
28 94 55.758
28 95 40.112
28 96 55.444
28 97 30.414
28 98 81.32
28 99 31.401
28 100 63.891
29 1 55.543
29 2 40.447
29 3 5.831
29 4 44.102
29 5 90.686
29 6 74.33
29 7 65.49
29 8 52.01
29 9 54.562
29 10 65.856
29 11 75.954
29 12 33.136
29 13 22.0
29 14 89.006
29 15 61.4
29 16 63.032
29 17 58.83
29 18 71.449
29 19 71.309
29 20 30.15
29 21 87.664
29 22 54.708
29 23 21.954
29 24 82.219
29 25 63.561
29 26 60.415
29 27 87.207
29 28 35.805
29 29 0.0
29 30 30.887
29 31 23.259
29 32 30.806
29 33 38.288
29 34 53.935
29 35 57.009
29 36 63.127
29 37 43.186
29 38 15.62
29 39 85.44
29 40 12.042
29 41 36.497
29 42 63.53
29 43 50.774
29 44 81.0
29 45 28.792
29 46 46.325
29 47 71.028
29 48 23.345
29 49 50.99
29 50 50.329
29 51 27.857
29 52 86.556
29 53 40.497
29 54 25.807
29 55 83.774
29 56 50.01
29 57 72.471
29 58 17.205
29 59 38.601
29 60 73.0
29 61 70.235
29 62 50.488
29 63 37.121
29 64 40.719
29 65 71.449
29 66 63.695
29 67 56.143
29 68 33.242
29 69 69.318
29 70 40.262
29 71 60.671
29 72 22.804
29 73 34.525
29 74 56.321
29 75 42.154
29 76 25.0
29 77 64.008
29 78 88.204
29 79 62.426
29 80 55.227
29 81 58.215
29 82 86.77
29 83 95.901
29 84 66.483
29 85 41.881
29 86 54.918
29 87 23.0
29 88 34.059
29 89 53.254
29 90 74.626
29 91 19.235
29 92 37.121
29 93 33.015
29 94 54.083
29 95 66.31
29 96 29.53
29 97 25.632
29 98 65.856
29 99 57.271
29 100 51.225
30 1 36.346
30 2 41.4
30 3 34.176
30 4 41.725
30 5 60.877
30 6 44.553
30 7 53.488
30 8 28.653
30 9 44.777
30 10 36.401
30 11 48.094
30 12 56.604
30 13 27.893
30 14 63.561
30 15 35.44
30 16 56.08
30 17 51.43
30 18 43.046
30 19 53.413
30 20 33.541
30 21 67.119
30 22 25.08
30 23 8.944
30 24 58.873
30 25 45.453
30 26 42.521
30 27 59.169
30 28 44.407
30 29 30.887
30 30 0.0
30 31 39.812
30 32 37.162
30 33 40.05
30 34 41.629
30 35 26.683
30 36 57.14
30 37 44.283
30 38 31.906
30 39 55.082
30 40 42.438
30 41 22.847
30 42 53.535
30 43 20.0
30 44 56.045
30 45 55.973
30 46 18.439
30 47 47.17
30 48 32.573
30 49 50.931
30 50 23.77
30 51 55.227
30 52 58.669
30 53 37.656
30 54 30.594
30 55 53.141
30 56 50.249
30 57 42.45
30 58 17.029
30 59 46.174
30 60 43.278
30 61 47.381
30 62 40.311
30 63 15.62
30 64 10.198
30 65 49.649
30 66 44.102
30 67 31.016
30 68 59.203
30 69 57.801
30 70 29.411
30 71 33.541
30 72 35.468
30 73 38.079
30 74 27.019
30 75 33.242
30 76 35.171
30 77 54.378
30 78 57.428
30 79 31.89
30 80 45.651
30 81 48.301
30 82 55.902
30 83 65.765
30 84 38.079
30 85 11.314
30 86 48.847
30 87 46.615
30 88 7.071
30 89 29.155
30 90 43.829
30 91 36.056
30 92 37.202
30 93 55.57
30 94 24.187
30 95 53.263
30 96 17.029
30 97 53.075
30 98 38.013
30 99 46.325
30 100 21.401
31 1 72.993
31 2 63.063
31 3 28.302
31 4 66.287
31 5 99.624
31 6 74.632
31 7 86.023
31 8 47.413
31 9 39.115
31 10 75.802
31 11 72.897
31 12 17.692
31 13 44.147
31 14 82.006
31 15 75.027
31 16 84.853
31 17 41.231
31 18 82.765
31 19 59.076
31 20 52.631
31 21 76.105
31 22 56.639
31 23 33.242
31 24 73.546
31 25 52.469
31 26 49.649
31 27 98.884
31 28 13.601
31 29 23.259
31 30 39.812
31 31 0.0
31 32 53.759
31 33 19.416
31 34 74.0
31 35 60.108
31 36 85.159
31 37 23.409
31 38 9.0
31 39 86.608
31 40 21.633
31 41 30.017
31 42 46.872
31 43 58.249
31 44 74.041
31 45 20.881
31 46 47.424
31 47 63.891
31 48 8.602
31 49 73.763
31 50 63.325
31 51 20.616
31 52 98.412
31 53 24.021
31 54 12.53
31 55 86.052
31 56 72.801
31 57 81.271
31 58 35.0
31 59 16.401
31 60 82.377
31 61 86.128
31 62 71.063
31 63 36.125
31 64 46.615
31 65 62.37
31 66 81.216
31 67 52.355
31 68 21.954
31 69 52.953
31 70 60.0
31 71 58.31
31 72 5.0
31 73 57.28
31 74 57.489
31 75 29.428
31 76 48.104
31 77 47.074
31 78 94.112
31 79 70.214
31 80 76.164
31 81 79.158
31 82 90.609
31 83 104.019
31 84 77.827
31 85 50.606
31 86 37.108
31 87 10.198
31 88 45.88
31 89 68.007
31 90 80.808
31 91 42.485
31 92 59.439
31 93 16.279
31 94 56.586
31 95 51.245
31 96 47.17
31 97 19.235
31 98 77.82
31 99 42.107
31 100 60.902
32 1 35.805
32 2 10.05
32 3 27.074
32 4 14.56
32 5 80.777
32 6 78.409
32 7 38.079
32 8 65.742
32 9 77.795
32 10 57.723
32 11 83.952
32 12 63.127
32 13 10.63
32 14 100.285
32 15 47.927
32 16 33.377
32 17 83.487
32 18 60.166
32 19 89.889
32 20 4.0
32 21 104.202
32 22 60.415
32 23 32.202
32 24 96.005
32 25 81.835
32 26 78.772
32 27 73.43
32 28 65.307
32 29 30.806
32 30 37.162
32 31 53.759
32 32 0.0
32 33 65.734
32 34 28.601
32 35 60.671
32 36 33.136
32 37 70.725
32 38 45.31
32 39 87.0
32 40 39.013
32 41 56.08
32 42 87.0
32 43 50.09
32 44 92.973
32 45 57.079
32 46 55.362
32 47 84.309
32 48 51.884
32 49 20.224
32 50 40.792
32 51 56.08
32 52 72.56
32 53 66.219
32 54 53.0
32 55 84.054
32 56 19.235
32 57 65.0
32 58 23.345
32 59 67.978
32 60 64.56
32 61 51.225
32 62 24.413
32 63 51.624
32 64 45.88
32 65 86.764
32 66 42.45
32 67 68.154
32 68 62.032
32 69 92.098
32 70 19.235
32 71 70.214
32 72 52.393
32 73 4.123
32 74 62.586
32 75 65.054
32 76 6.0
32 77 87.693
32 78 82.976
32 79 58.31
32 80 27.731
32 81 30.463
32 82 84.593
32 83 86.729
32 84 55.973
32 85 42.579
32 86 80.056
32 87 53.46
32 88 33.956
32 89 39.56
32 90 70.711
32 91 13.153
32 92 8.062
32 93 63.285
32 94 59.228
32 95 88.091
32 96 21.378
32 97 54.037
32 98 54.424
32 99 79.981
32 100 47.043
33 1 76.322
33 2 73.824
33 3 44.045
33 4 76.059
33 5 93.52
33 6 63.032
33 7 92.418
33 8 34.713
33 9 20.025
33 10 71.84
33 11 59.034
33 12 32.985
33 13 55.227
