0.0;699.0;960.0;1767.0;852.0;450.0;15.0;1926.0;1650.0;1506.0;2757.0;1206.0;1173.0;1065.0;1335.0;2433.0;213.0;375.0;1590.0;429.0;1104.0;2169.0;1878.0;2703.0;2109.0;1707.0;1047.0;2139.0;1185.0;87.0;2637.0;1911.0;759.0;2694.0;2769.0;1389.0;1989.0;2811.0;2583.0;294.0;2853.0;210.0;2079.0;576.0;1917.0;1869.0;438.0;2670.0;654.0;1908.0;2745.0;2766.0;1863.0;2349.0;366.0;2700.0;1734.0;2937.0;1443.0;2610.0;1794.0;2493.0;2445.0;2724.0;1371.0;903.0;771.0;1668.0;2979.0;2655.0;2226.0;1470.0;2139.0;894.0;2388.0;300.0;
699.0;0.0;261.852;1071.509;182.651;263.907;684.366;1264.63;990.076;892.33;2112.378;599.341;575.201;504.624;738.58;1800.491;892.904;1046.079;2244.613;1097.126;1757.007;2826.937;2532.584;3353.592;2774.379;2373.758;1709.678;2794.257;1841.941;779.592;3279.407;1264.141;236.636;2052.999;2127.513;776.517;1341.409;2141.652;1918.835;423.275;2175.395;498.932;1424.005;244.169;1292.889;1242.424;1135.8;3365.71;1349.879;2599.31;3437.658;3460.233;2556.044;3039.765;1059.692;3385.994;2418.24;3615.536;2132.557;3296.553;2480.4;2540.471;2459.445;2733.941;1484.542;1092.538;983.556;1729.495;2968.214;2654.334;2245.505;1523.094;2102.071;978.26;2295.163;675.583;
960.0;261.852;0.0;809.86;142.95;517.131;945.283;1018.917;748.687;686.288;1869.822;425.553;413.953;395.761;556.676;1565.241;1150.457;1300.828;2488.475;1350.877;2002.528;3070.323;2775.552;3593.391;3020.45;2621.14;1958.079;3036.797;2088.117;1039.552;3516.455;1026.571;318.073;1812.319;1886.288;578.529;1102.509;1888.443;1668.342;678.686;1918.906;757.26;1180.36;446.728;1067.869;1016.912;1395.829;3623.591;1608.916;2855.337;3693.906;3717.278;2812.869;3295.289;1318.628;3639.233;2671.616;3865.527;2388.276;3550.085;2734.525;2629.995;2538.917;2807.009;1625.768;1276.703;1181.17;1844.385;3030.378;2724.906;2331.261;1643.663;2171.262;1144.224;2338.786;926.303;
1767.0;1071.509;809.86;0.0;917.169;1318.839;1752.15;378.891;327.17;546.383;1150.97;686.53;720.221;832.328;645.123;904.053;1950.349;2094.588;3250.112;2142.379;2771.625;3827.467;3533.218;4338.766;3784.691;3390.549;2733.905;3791.951;2857.995;1844.335;4254.951;452.847;1044.709;1105.53;1173.527;584.47;492.811;1115.127;914.666;1479.619;1129.242;1560.901;515.41;1218.529;568.142;534.609;2199.791;4418.425;2410.094;3646.034;4483.865;4509.534;3605.805;4083.787;2120.448;4420.737;3455.829;4637.529;3179.276;4332.576;3520.486;3064.752;2952.209;3192.622;2227.937;1976.659;1906.902;2378.141;3378.837;3107.328;2770.104;2202.669;2578.082;1823.475;2670.113;1727.239;
852.0;182.651;142.95;917.169;0.0;402.34;837.061;1087.876;812.238;709.713;1933.28;418.436;395.988;337.753;557.522;1619.54;1033.279;1179.233;2356.305;1228.003;1871.772;2937.566;2642.717;3458.681;2889.269;2491.034;1829.298;2903.608;1957.675;927.766;3380.611;1084.312;176.086;1873.308;1947.953;594.092;1161.846;1968.467;1743.81;562.555;2005.544;644.344;1246.004;310.882;1110.737;1060.362;1282.767;3503.688;1492.997;2733.065;3571.531;3596.02;2691.725;3172.141;1203.28;3513.405;2546.409;3736.755;2265.954;3424.587;2610.063;2680.634;2594.691;2866.351;1645.335;1267.141;1161.487;1879.921;3095.366;2785.419;2383.497;1675.489;2231.696;1146.629;2411.809;855.161;
450.0;263.907;517.131;1318.839;402.34;0.0;435.031;1479.456;1203.155;1070.977;2316.524;769.326;738.24;638.645;903.487;1996.006;633.564;784.004;1980.847;834.487;1493.146;2563.176;2268.891;3090.307;2510.473;2109.87;1445.818;2530.594;1578.044;525.544;3016.73;1468.138;322.726;2254.625;2329.576;953.162;1546.149;2363.568;2136.636;161.615;2403.957;242.086;1634.323;155.104;1481.202;1432.171;881.046;3106.52;1092.656;2338.324;3176.869;3200.149;2295.746;2778.421;802.49;3123.404;2155.651;3351.986;1871.313;3034.088;2218.178;2570.337;2500.865;2779.394;1472.647;1036.126;911.384;1743.135;3022.99;2703.088;2282.786;1535.159;2158.627;954.954;2374.627;504.916;
15.0;684.366;945.283;1752.15;837.061;435.031;0.0;1911.016;1635.011;1491.18;2742.119;1191.13;1158.155;1050.264;1320.224;2418.181;224.636;386.605;1601.987;440.557;1115.668;2181.275;1890.072;2715.064;2121.582;1719.564;1059.104;2151.158;1196.909;99.529;2648.741;1896.066;744.071;2679.139;2754.139;1374.158;1974.067;2796.009;2568.021;279.022;2838.0;195.013;2064.041;561.102;1902.188;1854.167;452.293;2684.205;668.085;1921.868;2758.991;2780.097;1876.981;2362.858;379.69;2713.607;1747.436;2950.253;1456.713;2623.632;1807.564;2495.245;2446.49;2725.608;1373.071;905.088;772.812;1669.545;2980.324;2656.33;2227.393;1470.943;2139.075;893.392;2387.128;299.225;
1926.0;1264.63;1018.917;378.891;1087.876;1479.456;1911.016;0.0;276.325;458.906;851.226;731.616;767.018;884.242;624.816;559.381;2086.828;2216.404;3308.726;2259.399;2845.826;3874.857;3584.036;4368.868;3840.976;3457.134;2817.273;3837.365;2931.836;1994.731;4278.418;92.312;1168.621;795.039;868.423;560.778;113.979;885.346;657.187;1632.01;934.013;1716.003;162.769;1351.97;215.58;203.65;2341.129;4518.123;2541.046;3742.363;4573.622;4603.545;3706.641;4173.152;2257.692;4496.463;3542.744;4698.053;3280.217;4410.372;3609.645;3430.196;3319.908;3563.918;2555.071;2266.672;2183.748;2723.341;3753.559;3478.713;3133.915;2540.804;2945.083;2120.749;3044.475;1940.028;
1650.0;990.076;748.687;327.17;812.238;1203.155;1635.011;276.325;0.0;232.855;1122.642;462.862;498.715;617.074;372.493;817.16;1812.59;1944.097;3051.366;1987.845;2583.718;3621.397;3329.243;4121.355;3584.875;3197.798;2552.964;3584.466;2669.952;1719.239;4033.082;278.671;893.394;1064.153;1138.373;306.615;353.879;1161.019;933.483;1356.041;1206.32;1440.001;433.946;1076.606;341.374;292.667;2066.721;4251.857;2267.993;3476.278;4309.533;4338.531;3439.607;3908.898;1983.597;4235.675;3278.524;4441.439;3012.781;4149.01;3344.987;3233.355;3127.861;3379.706;2318.04;2010.204;1922.566;2501.217;3579.553;3294.946;2934.946;2312.69;2752.781;1868.157;2871.083;1665.659;
1506.0;892.33;686.288;546.383;709.713;1070.977;1491.18;458.906;232.855;0.0;1252.353;301.653;333.349;442.871;172.874;927.001;1652.986;1775.239;2850.528;1816.153;2389.776;3415.998;3125.315;3910.328;3382.435;2999.534;2362.804;3378.479;2475.611;1568.906;3820.273;418.07;749.545;1188.575;1263.551;117.857;494.068;1327.843;1095.467;1213.863;1385.857;1297.584;590.589;930.721;411.044;363.119;1907.21;4064.672;2101.342;3288.997;4118.322;4148.951;3254.283;3718.067;1822.605;4039.277;3087.833;4239.549;2828.563;3953.466;3155.055;3273.175;3173.893;3433.59;2306.156;1962.178;1863.458;2511.615;3643.756;3349.693;2973.656;2315.463;2800.576;1830.451;2939.214;1558.253;
2757.0;2112.378;1869.822;1150.97;1933.28;2316.524;2742.119;851.226;1122.642;1252.353;0.0;1551.029;1584.298;1695.19;1424.791;332.688;2904.906;3024.145;4049.894;3063.474;3608.21;4597.521;4313.718;5066.653;4573.536;4204.384;3588.078;4558.281;3692.652;2821.062;4969.132;849.3;1998.446;68.875;30.847;1368.492;771.542;258.127;261.244;2463.865;373.556;2547.83;689.468;2181.042;843.232;889.537;3158.933;5287.96;3350.558;4514.517;5333.873;5367.637;4482.993;4935.696;3074.104;5243.447;4308.264;5427.688;4060.389;5160.042;4376.565;4186.057;4068.215;4295.565;3378.746;3111.757;3032.26;3525.755;4463.835;4210.353;3896.1;3352.902;3697.746;2962.882;3761.957;2787.877;
1206.0;599.341;425.553;686.53;418.436;769.326;1191.13;731.616;462.862;301.653;1551.029;0.0;35.921;154.396;139.241;1227.689;1358.056;1485.154;2590.843;1527.852;2121.367;3162.905;2870.054;3666.84;3124.831;2736.298;2090.168;3126.355;2207.65;1270.537;3580.373;707.325;448.205;1488.028;1563.028;183.844;785.059;1614.668;1383.896;913.171;1665.614;997.043;877.729;630.14;712.178;663.542;1612.502;3789.07;1810.262;3013.458;3846.708;3875.67;2976.926;3446.066;1528.472;3773.499;2815.709;3980.918;2550.174;3686.678;2882.139;3053.012;2960.044;3226.185;2048.68;1683.67;1579.632;2269.933;3445.922;3143.52;2753.932;2068.988;2590.553;1558.935;2749.16;1258.447;
1173.0;575.201;413.953;720.221;395.988;738.24;1158.155;767.018;498.715;333.349;1584.298;35.921;0.0;118.477;166.119;1260.165;1323.608;1450.064;2554.96;1492.599;2085.449;3127.111;2834.228;3631.265;3088.965;2700.385;2054.284;3090.581;2171.731;1236.893;3544.912;741.737;416.294;1521.049;1596.047;216.01;819.372;1649.641;1418.694;880.572;1701.032;964.343;912.456;597.439;744.34;696.056;1578.043;3753.273;1775.312;2977.649;3810.833;3839.823;2941.164;3410.194;1493.908;3737.579;2779.831;3945.03;2514.434;3650.76;2846.274;3043.707;2951.871;3218.976;2032.718;1662.872;1557.38;2257.081;3440.187;3136.552;2744.849;2055.324;2583.235;1540.084;2745.003;1229.832;
1065.0;504.624;395.761;832.328;337.753;638.645;1050.264;884.242;617.074;442.871;1695.19;154.396;118.477;0.0;270.531;1368.94;1210.242;1334.375;2436.677;1376.334;1966.973;3009.18;2716.174;3514.147;2970.748;2581.961;1935.89;2972.728;2053.255;1126.485;3428.211;856.39;316.475;1631.24;1706.195;327.987;933.687;1765.498;1534.09;774.588;1818.16;857.784;1027.828;492.19;852.978;805.752;1464.541;3635.13;1660.049;2859.47;3692.461;3721.53;2823.135;3291.828;1380.065;3619.104;2661.451;3826.723;2396.478;3532.285;2727.931;3014.739;2926.761;3196.826;1982.729;1597.118;1486.838;2217.206;3422.747;3115.271;2716.928;2013.068;2561.398;1481.377;2733.457;1137.645;
1335.0;738.58;556.676;645.123;557.522;903.487;1320.224;624.816;372.493;172.874;1424.791;139.241;166.119;270.531;0.0;1098.443;1480.273;1602.407;2684.502;1643.438;2221.063;3252.265;2960.781;3750.061;3217.219;2832.479;2192.996;3215.059;2307.05;1396.994;3661.286;589.67;581.008;1360.738;1435.686;65.882;666.23;1499.691;1267.554;1043.662;1555.968;1127.164;761.968;760.658;582.455;535.282;1734.452;3894.427;1928.485;3118.681;3949.095;3979.292;3083.543;3548.692;1649.805;3871.675;2918.329;4074.174;2657.537;3785.558;2985.361;3176.172;3081.111;3345.252;2182.271;1821.698;1718.394;2399.288;3561.855;3262.134;2876.798;2199.602;2710.122;1695.593;2861.965;1395.947;
2433.0;1800.491;1565.241;904.053;1619.54;1996.006;2418.181;559.381;817.16;927.001;332.688;1227.689;1260.165;1368.94;1098.443;0.0;2577.057;2694.313;3717.924;2733.105;3275.535;4266.955;3982.517;4738.684;4242.235;3872.178;3255.416;4227.839;3359.997;2495.425;4641.907;538.71;1675.876;265.472;339.555;1044.176;463.638;490.951;296.797;2140.726;590.992;2224.508;398.594;1857.602;516.039;564.152;2830.752;4955.284;3020.729;4181.831;5001.37;5035.044;4150.346;4603.107;2745.721;4911.458;3975.595;5096.853;3727.859;4827.911;4043.887;3968.015;3854.47;4091.722;3113.563;2824.194;2738.904;3277.0;4272.093;4006.381;3673.869;3096.933;3480.856;2679.364;3564.948;2474.6;
213.0;892.904;1150.457;1950.349;1033.279;633.564;224.636;2086.828;1812.59;1652.986;2904.906;1358.056;1323.608;1210.242;1480.273;2577.057;0.0;162.009;1377.401;216.001;891.059;1956.969;1665.54;2490.516;1897.913;1495.884;834.632;1926.703;972.292;126.434;2424.114;2065.332;919.987;2840.471;2915.346;1538.01;2142.978;2971.773;2741.65;471.96;3018.792;393.978;2235.68;737.949;2061.885;2015.391;254.446;2473.193;459.747;1706.568;2544.801;2567.361;1663.141;2147.204;171.148;2495.318;1528.074;2729.343;1240.076;2405.588;1589.221;2611.971;2572.691;2849.733;1497.015;1034.156;907.456;1797.888;3107.438;2783.98;2355.368;1607.41;2282.558;1051.316;2540.328;474.75;
375.0;1046.079;1300.828;2094.588;1179.233;784.004;386.605;2216.404;1944.097;1775.239;3024.145;1485.154;1450.064;1334.375;1602.407;2694.313;162.009;0.0;1215.638;54.019;729.064;1795.617;1503.87;2328.802;1737.336;1335.364;673.145;1765.146;810.469;288.284;2262.139;2190.739;1056.026;2958.84;3033.499;1662.142;2267.931;3099.668;2868.447;622.97;3150.027;548.755;2362.169;876.974;2181.105;2135.761;167.524;2324.459;326.424;1554.575;2393.161;2417.017;1512.623;1994.468;99.931;2339.943;1372.215;2571.438;1087.473;2250.476;1434.343;2708.386;2675.366;2950.324;1603.555;1148.905;1027.37;1905.058;3209.414;2887.025;2459.864;1720.683;2397.101;1181.429;2660.279;623.001;
1590.0;2244.613;2488.475;3250.112;2356.305;1980.847;1601.987;3308.726;3051.366;2850.528;4049.894;2590.843;2554.96;2436.677;2684.502;3717.924;1377.401;1215.638;0.0;1161.873;488.335;582.33;288.512;1113.182;534.616;161.341;543.208;550.24;405.218;1503.018;1048.331;3265.546;2208.947;3981.639;4053.597;2749.389;3338.638;4167.082;3934.428;1824.55;4233.093;1757.288;3437.347;2045.498;3228.855;3190.098;1185.01;1263.657;982.156;545.712;1291.812;1330.686;546.053;903.015;1235.247;1193.553;339.059;1390.106;375.213;1110.607;401.022;3542.215;3546.659;3798.009;2560.038;2182.011;2091.723;2842.241;4055.847;3751.607;3351.429;2699.895;3346.594;2269.716;3629.738;1802.864;
429.0;1097.126;1350.877;2142.379;1228.003;834.487;440.557;2259.399;1987.845;1816.153;3063.474;1527.852;1492.599;1376.334;1643.438;2733.105;216.001;54.019;1161.873;0.0;675.12;1742.069;1450.155;2275.051;1684.17;1282.251;619.589;1711.49;756.676;342.301;2208.212;2232.399;1101.974;2997.905;3072.469;1703.744;2309.408;3141.83;2910.306;673.86;3193.282;600.734;2404.101;924.096;2220.777;2175.828;167.769;2276.116;290.072;1505.124;2343.663;2368.026;1463.796;1944.6;124.889;2288.958;1321.193;2519.397;1037.991;2199.608;1383.724;2743.403;2712.323;2986.525;1642.457;1190.845;1070.975;1943.848;3245.951;2924.006;2497.483;1761.436;2437.787;1227.528;2702.483;674.444;
1104.0;1757.007;2002.528;2771.625;1871.772;1493.146;1115.668;2845.826;2583.718;2389.776;3608.21;2121.367;2085.449;1966.973;2221.063;3275.535;891.059;729.064;488.335;675.12;0.0;1070.413;776.822;1600.948;1017.937;619.484;76.631;1038.574;86.418;1017.147;1533.099;2807.036;1727.965;3540.567;3613.589;2285.123;2881.53;3713.692;3480.777;1336.385;3775.419;1268.963;2979.449;1561.345;2777.367;2736.641;713.539;1679.75;529.032;907.7;1728.853;1760.629;879.906;1329.044;755.423;1652.216;700.095;1866.266;475.027;1565.314;768.36;3201.151;3191.922;3454.073;2163.894;1755.091;1653.849;2456.588;3714.288;3401.052;2987.523;2298.091;2961.794;1827.128;3239.793;1328.669;
2169.0;2826.937;3070.323;3827.467;2937.566;2563.176;2181.275;3874.857;3621.397;3415.998;4597.521;3162.905;3127.111;3009.18;3252.265;4266.955;1956.969;1795.617;582.33;1742.069;1070.413;0.0;294.853;537.098;98.585;466.598;1122.483;41.728;986.43;2082.009;488.994;3828.437;2788.494;4528.912;4599.802;3317.582;3900.306;4724.261;4492.213;2406.783;4793.704;2339.091;3999.427;2626.693;3786.447;3749.307;1755.485;849.961;1545.996;520.505;827.951;879.675;573.968;527.991;1810.494;684.377;524.928;830.806;803.501;618.664;504.502;3973.469;3991.58;4229.583;3055.613;2709.011;2628.83;3324.755;4482.673;4190.344;3807.44;3198.975;3823.175;2809.164;4109.128;2371.474;
1878.0;2532.584;2775.552;3533.218;2642.717;2268.891;1890.072;3584.036;3329.243;3125.315;4313.718;2870.054;2834.228;2716.174;2960.781;3982.517;1665.54;1503.87;288.512;1450.155;776.822;294.853;0.0;825.0;260.137;199.594;831.003;261.78;693.618;1791.004;763.154;3538.736;2493.771;4245.229;4316.557;3025.972;3611.054;4436.813;4204.497;2112.869;4504.99;2045.784;3710.047;2331.842;3498.646;3460.906;1469.498;1051.084;1263.255;464.27;1058.038;1103.033;495.755;694.938;1521.814;939.292;347.019;1115.344;563.954;862.211;366.81;3762.074;3773.225;4018.351;2810.088;2446.901;2361.393;3086.289;4274.161;3975.396;3583.177;2951.857;3588.372;2540.691;3873.161;2086.909;
2703.0;3353.592;3593.391;4338.766;3458.681;3090.307;2715.064;4368.868;4121.355;3910.328;5066.653;3666.84;3631.265;3514.147;3750.061;4738.684;2490.516;2328.802;1113.182;2275.051;1600.948;537.098;825.0;0.0;611.23;1003.693;1656.003;564.546;1518.396;2616.005;115.46;4318.31;3305.61;4997.816;5067.255;3815.763;4388.428;5204.751;4973.975;2935.488;5278.488;2869.533;4487.822;3147.993;4269.838;4234.782;2292.148;830.34;2083.068;970.354;729.416;788.187;1029.404;708.431;2346.172;545.962;1040.598;481.323;1331.701;555.104;1005.111;4457.952;4483.108;4713.173;3573.71;3238.883;3161.567;3836.566;4962.72;4677.897;4305.245;3718.01;4330.744;3342.248;4617.223;2908.462;
2109.0;2774.379;3020.45;3784.691;2889.269;2510.473;2121.582;3840.976;3584.875;3382.435;4573.536;3124.831;3088.965;2970.748;3217.219;4242.235;1897.913;1737.336;534.616;1684.17;1017.937;98.585;260.137;611.23;0.0;402.031;1065.542;110.428;932.554;2022.115;574.318;3796.503;2743.131;4505.069;4576.458;3282.268;3869.088;4695.652;4463.241;2352.794;4763.245;2283.402;3967.996;2578.62;3757.408;3719.404;1690.09;814.886;1478.24;422.016;808.406;856.446;475.385;473.745;1747.86;681.194;434.734;857.133;720.902;606.786;409.622;3879.506;3898.679;4135.542;2968.957;2628.156;2550.339;3236.121;4388.21;4096.858;3715.616;3112.695;3733.496;2731.018;4019.628;2303.924;
1707.0;2373.758;2621.14;3390.549;2491.034;2109.87;1719.564;3457.134;3197.798;2999.534;4204.384;2736.298;2700.385;2581.961;2832.479;3872.178;1495.884;1335.364;161.341;1282.251;619.484;466.598;199.594;1003.693;402.031;0.0;664.203;441.401;533.394;1620.104;950.79;3415.454;2347.299;4136.238;4208.428;2897.084;3489.012;4318.773;4085.993;1951.715;4383.517;1881.806;3587.506;2180.731;3380.798;3341.492;1289.698;1102.735;1079.482;393.715;1133.176;1171.072;402.104;742.333;1346.291;1040.369;204.147;1246.997;365.204;955.867;255.416;3563.765;3574.223;3820.017;2611.06;2251.021;2167.415;2886.802;4076.112;3776.674;3383.797;2753.02;3388.799;2347.207;3673.62;1905.086;
1047.0;1709.678;1958.079;2733.905;1829.298;1445.818;1059.104;2817.273;2552.964;2362.804;3588.078;2090.168;2054.284;1935.89;2192.996;3255.416;834.632;673.145;543.208;619.589;76.631;1122.483;831.003;1656.003;1065.542;664.203;0.0;1092.072;140.027;960.003;1591.216;2780.627;1689.301;3520.718;3594.079;2256.534;2855.687;3688.81;3455.943;1287.513;3748.631;1217.877;2953.151;1519.733;2754.105;2712.579;646.711;1702.195;456.33;927.011;1756.605;1786.301;894.998;1356.01;692.887;1686.911;725.588;1907.58;477.0;1599.003;792.377;3124.544;3115.302;3377.447;2088.019;1681.052;1580.941;2380.408;3637.667;3324.423;2910.965;2222.517;2885.669;1754.97;3163.886;1263.731;
2139.0;2794.257;3036.797;3791.951;2903.608;2530.594;2151.158;3837.365;3584.466;3378.479;4558.281;3126.355;3090.581;2972.728;3215.059;4227.839;1926.703;1765.146;550.24;1711.49;1038.574;41.728;261.78;564.546;110.428;441.401;1092.072;0.0;955.171;2052.0;509.744;3790.573;2753.761;4489.654;4560.468;3280.426;3862.304;4685.754;4453.778;2374.645;4755.519;2307.527;3961.457;2592.726;3748.062;3711.076;1727.781;889.55;1519.44;527.506;869.112;920.581;578.925;563.498;1781.643;726.1;514.693;870.723;786.107;660.151;499.648;3964.803;3981.552;4221.002;3039.609;2688.912;2607.295;3310.392;4474.664;4181.03;3796.183;3182.643;3809.715;2787.383;4095.469;2344.445;
1185.0;1841.941;2088.117;2857.995;1957.675;1578.044;1196.909;2931.836;2669.952;2475.611;3692.652;2207.65;2171.731;2053.255;2307.05;3359.997;972.292;810.469;405.218;756.676;86.418;986.43;693.618;1518.396;932.554;533.394;140.027;955.171;0.0;1098.041;1452.279;2892.766;1814.258;3624.943;3697.874;2371.165;2967.168;3799.13;3566.217;1420.828;3861.164;1352.668;3065.153;1647.339;2862.558;2821.986;786.667;1595.475;593.585;824.962;1643.362;1675.547;798.866;1243.808;832.606;1565.885;615.737;1780.008;403.77;1479.058;684.31;3241.057;3234.988;3494.86;2215.98;1814.979;1716.823;2506.377;3754.729;3443.322;3032.565;2351.829;3011.882;1891.75;3291.367;1403.757;
87.0;779.592;1039.552;1844.335;927.766;525.544;99.529;1994.731;1719.239;1568.906;2821.062;1270.537;1236.893;1126.485;1396.994;2495.425;126.434;288.284;1503.018;342.301;1017.147;2082.009;1791.004;2616.005;2022.115;1620.104;960.003;2052.0;1098.041;0.0;2550.093;1977.174;826.158;2757.479;2832.457;1452.575;2055.084;2880.064;2651.175;365.708;2923.999;283.458;2146.194;642.772;1979.447;1932.008;356.289;2587.014;570.706;1823.515;2660.974;2682.453;1778.969;2264.462;281.236;2614.658;1648.249;2850.869;1358.006;2524.728;1708.56;2534.404;2490.227;2768.505;1414.393;947.54;817.474;1713.571;3024.808;2700.908;2271.836;1518.726;2191.143;950.918;2444.252;362.467;
2637.0;3279.407;3516.455;4254.951;3380.611;3016.73;2648.741;4278.418;4033.082;3820.273;4969.132;3580.373;3544.912;3428.211;3661.286;4641.907;2424.114;2262.139;1048.331;2208.212;1533.099;488.994;763.154;115.46;574.318;950.79;1591.216;509.744;1452.279;2550.093;0.0;4226.592;3225.399;4900.271;4969.355;3727.072;4296.147;5109.957;4879.615;2863.376;5184.835;2799.106;4395.567;3070.316;4176.278;4141.825;2232.447;912.987;2026.301;962.496;820.896;880.237;1020.829;751.079;2283.578;636.488;1008.999;595.022;1292.357;633.623;980.327;4446.719;4468.475;4702.449;3543.125;3197.87;3116.946;3810.34;4953.712;4665.281;4287.317;3686.754;4307.284;3297.088;4593.501;2850.0;
1911.0;1264.141;1026.571;452.847;1084.312;1468.138;1896.066;92.312;278.671;418.07;849.3;707.325;741.737;856.39;589.67;538.71;2065.332;2190.739;3265.546;2232.399;2807.036;3828.437;3538.736;4318.31;3796.503;3415.454;2780.627;3790.573;2892.766;1977.174;4226.592;0.0;1152.007;788.998;863.648;528.657;78.027;910.021;677.982;1617.277;968.404;1701.33;172.539;1335.196;123.907;113.166;2319.772;4482.609;2516.432;3706.966;4535.774;4566.641;3672.339;4135.62;2235.64;4455.531;3505.483;4653.61;3246.632;4369.984;3572.793;3483.697;3375.118;3621.953;2589.829;2288.239;2201.183;2765.905;3814.97;3536.863;3186.486;2580.341;3000.016;2145.297;3105.752;1939.296;
759.0;236.636;318.073;1044.709;176.086;322.726;744.071;1168.621;893.394;749.545;1998.446;448.205;416.294;316.475;581.008;1675.876;919.987;1056.026;2208.947;1101.974;1727.965;2788.494;2493.771;3305.61;2743.131;2347.299;1689.301;2753.761;1814.258;826.158;3225.399;1152.007;0.0;1935.819;2010.814;631.918;1230.003;2053.967;1825.034;465.45;2099.123;549.46;1320.32;183.404;1160.354;1111.739;1173.759;3376.118;1377.344;2602.571;3439.873;3466.165;2563.177;3039.605;1091.121;3376.057;2411.238;3594.224;2136.27;3287.87;2476.065;2775.775;2695.581;2970.334;1711.602;1304.362;1188.392;1962.087;3204.844;2890.832;2481.29;1755.065;2338.673;1199.989;2531.138;821.682;
2694.0;2052.999;1812.319;1105.53;1873.308;2254.625;2679.139;795.039;1064.153;1188.575;68.875;1488.028;1521.049;1631.24;1360.738;265.472;2840.471;2958.84;3981.639;2997.905;3540.567;4528.912;4245.229;4997.816;4505.069;4136.238;3520.718;4489.654;3624.943;2757.479;4900.271;788.998;1935.819;0.0;75.0;1305.104;711.591;301.238;246.012;2401.128;416.645;2485.042;632.545;2118.161;778.588;825.501;3094.371;5220.311;3285.264;4447.036;5265.93;5299.801;4415.672;4867.855;3009.453;5175.19;4240.592;5359.119;3993.289;5091.851;4308.927;4150.527;4033.628;4263.313;3331.835;3059.194;2978.178;3482.832;4434.373;4178.042;3859.503;3308.198;3662.293;2911.296;3731.033;2728.274;
2769.0;2127.513;1886.288;1173.527;1947.953;2329.576;2754.139;868.423;1138.373;1263.551;30.847;1563.028;1596.047;1706.195;1435.686;339.555;2915.346;3033.499;4053.597;3072.469;3613.589;4599.802;4316.557;5067.255;4576.458;4208.428;3594.079;4560.468;3697.874;2832.457;4969.355;863.648;2010.814;75.0;0.0;1380.1;786.149;284.74;290.214;2476.126;399.567;2560.041;706.151;2193.161;853.479;900.466;3169.221;5293.304;3359.922;4520.247;5338.482;5372.524;4489.061;4940.576;3084.285;5247.129;4313.564;5430.154;4066.903;5163.934;4381.944;4212.133;4094.545;4322.499;3400.889;3131.219;3050.884;3549.462;4491.421;4237.271;3921.867;3375.936;3723.832;2982.848;3789.197;2802.854;
1389.0;776.517;578.529;584.47;594.092;953.162;1374.158;560.778;306.615;117.857;1368.492;183.844;216.01;327.987;65.882;1044.176;1538.01;1662.142;2749.389;1703.744;2285.123;3317.582;3025.972;3815.763;3282.268;2897.084;2256.534;3280.426;2371.165;1452.575;3727.072;528.657;631.918;1305.104;1380.1;0.0;605.792;1438.336;1206.583;1096.551;1493.126;1180.342;700.483;813.429;528.448;480.049;1792.367;3957.622;1987.943;3181.86;4012.846;4042.824;3146.431;3612.382;1707.971;3936.074;2981.98;4139.169;2720.227;3849.855;3048.91;3183.816;3086.789;3348.987;2202.909;1851.544;1751.019;2414.062;3562.789;3265.5;2884.294;2216.079;2714.627;1722.087;2860.683;1440.776;
1989.0;1341.409;1102.509;492.811;1161.846;1546.149;1974.067;113.979;353.879;494.068;771.542;785.059;819.372;933.687;666.23;463.638;2142.978;2267.931;3338.638;2309.408;2881.53;3900.306;3611.054;4388.428;3869.088;3489.012;2855.687;3862.304;2967.168;2055.084;4296.147;78.027;1230.003;711.591;786.149;605.792;0.0;833.818;601.402;1695.29;894.511;1779.341;99.424;1413.175;143.567;159.57;2397.409;4557.798;2593.722;3782.235;4610.36;4641.476;3747.866;4210.316;2313.222;4529.229;3580.301;4726.13;3322.354;4443.853;3647.712;3541.624;3431.847;3676.609;2658.006;2361.207;2275.304;2830.358;3866.94;3591.427;3245.025;2646.309;3056.92;2217.298;3157.813;2016.705;
2811.0;2141.652;1888.443;1115.127;1968.467;2363.568;2796.009;885.346;1161.019;1327.843;258.127;1614.668;1649.641;1765.498;1499.691;490.951;2971.773;3099.668;4167.082;3141.83;3713.692;4724.261;4436.813;5204.751;4695.652;4318.773;3688.81;4685.754;3799.13;2880.064;5109.957;910.021;2053.967;301.238;284.74;1438.336;833.818;0.0;232.915;2517.054;115.798;2601.003;737.859;2237.311;938.285;977.364;3226.146;5391.002;3424.928;4615.572;5442.492;5474.099;4581.476;5042.707;3142.518;5359.141;4412.975;5552.151;4156.103;5274.261;4480.55;4081.464;3960.095;4177.907;3327.387;3091.682;3021.43;3454.717;4335.49;4093.083;3796.487;3290.81;3593.97;2937.901;3640.406;2814.534;
2583.0;1918.835;1668.342;914.666;1743.81;2136.636;2568.021;657.187;933.483;1095.467;261.244;1383.896;1418.694;1534.09;1267.554;296.797;2741.65;2868.447;3934.428;2910.306;3480.777;4492.213;4204.497;4973.975;4463.241;4085.993;3455.943;4453.778;3566.217;2651.175;4879.615;677.982;1825.034;246.012;290.214;1206.583;601.402;232.915;0.0;2289.0;309.542;2373.018;506.283;2008.436;705.852;744.521;2996.077;5158.138;3193.947;4382.734;5209.578;5241.189;4348.715;4809.792;2912.24;5126.362;4180.069;5319.842;3923.429;5041.438;4247.653;3930.103;3811.459;4037.064;3140.092;2888.176;2813.784;3279.393;4203.846;3951.9;3641.228;3109.798;3441.818;2736.542;3502.73;2593.225;
294.0;423.275;678.686;1479.619;562.555;161.615;279.022;1632.01;1356.041;1213.863;2463.865;913.171;880.572;774.588;1043.662;2140.726;471.96;622.97;1824.55;673.86;1336.385;2406.783;2112.869;2935.488;2352.794;1951.715;1287.513;2374.645;1420.828;365.708;2863.376;1617.277;465.45;2401.128;2476.126;1096.551;1695.29;2517.054;2289.0;0.0;2559.519;84.062;1785.07;283.141;1624.897;1576.59;720.213;2944.923;931.187;2176.969;3015.482;3038.636;2134.25;2617.179;641.111;2962.778;1995.015;3192.48;1710.016;2873.374;2057.304;2567.78;2505.772;2785.413;1454.459;999.678;869.033;1737.003;3033.774;2711.486;2286.462;1530.745;2174.993;942.31;2403.693;415.102;
2853.0;2175.395;1918.906;1129.242;2005.544;2403.957;2838.0;934.013;1206.32;1385.857;373.556;1665.614;1701.032;1818.16;1555.968;590.992;3018.792;3150.027;4233.093;3193.282;3775.419;4793.704;4504.99;5278.488;4763.245;4383.517;3748.631;4755.519;3861.164;2923.999;5184.835;968.404;2099.123;416.645;399.567;1493.126;894.511;115.798;309.542;2559.519;0.0;2643.213;796.096;2282.016;1008.65;1044.484;3272.811;5450.344;3474.245;4674.615;5504.108;5534.808;4639.484;5103.898;3189.839;5423.711;4473.687;5620.203;4213.35;5338.273;4540.908;4049.613;3926.692;4139.648;3321.728;3100.766;3034.815;3439.675;4291.873;4055.103;3767.38;3280.247;3563.153;2945.137;3600.901;2844.878;
210.0;498.932;757.26;1560.901;644.344;242.086;195.013;1716.003;1440.001;1297.584;2547.83;997.043;964.343;857.784;1127.164;2224.508;393.978;548.755;1757.288;600.734;1268.963;2339.091;2045.784;2869.533;2283.402;1881.806;1217.877;2307.527;1352.668;283.458;2799.106;1701.33;549.46;2485.042;2560.041;1180.342;1779.341;2601.003;2373.018;84.062;2643.213;0.0;1869.128;366.92;1708.627;1660.39;639.154;2866.916;851.657;2100.488;2938.77;2961.305;2057.115;2541.047;561.368;2888.265;1920.665;3120.101;1633.861;2798.671;1982.353;2540.552;2482.361;2762.164;1422.354;961.416;829.154;1709.802;3012.635;2689.531;2262.81;1505.158;2157.998;916.566;2392.826;359.889;
2079.0;1424.005;1180.36;515.41;1246.004;1634.323;2064.041;162.769;433.946;590.589;689.468;877.729;912.456;1027.828;761.968;398.594;2235.68;2362.169;3437.347;2404.101;2979.449;3999.427;3710.047;4487.822;3967.996;3587.506;2953.151;3961.457;3065.153;2146.194;4395.567;172.539;1320.32;632.545;706.151;700.483;99.424;737.859;506.283;1785.07;796.096;1869.128;0.0;1503.687;233.699;257.182;2490.123;4655.145;2687.668;3879.505;4708.218;4739.138;3844.87;4308.089;2406.179;4627.655;3677.974;4825.065;3419.138;4542.183;3745.301;3578.673;3466.886;3708.004;2714.971;2429.316;2346.515;2879.743;3893.807;3622.715;3283.313;2698.783;3092.501;2283.118;3185.25;2099.584;
576.0;244.169;446.728;1218.529;310.882;155.104;561.102;1351.97;1076.606;930.721;2181.042;630.14;597.439;492.19;760.658;1857.602;737.949;876.974;2045.498;924.096;1561.345;2626.693;2331.842;3147.993;2578.62;2180.731;1519.733;2592.726;1647.339;642.772;3070.316;1335.196;183.404;2118.161;2193.161;813.429;1413.175;2237.311;2008.436;283.141;2282.016;366.92;1503.687;0.0;1341.756;1293.476;991.264;3199.943;1196.342;2427.609;3265.651;3291.052;2387.278;2865.779;909.083;3205.068;2238.754;3426.841;1960.773;3116.476;2302.921;2700.267;2626.96;2904.431;1612.219;1183.614;1060.96;1876.589;3144.974;2826.904;2409.962;1668.507;2278.921;1094.985;2486.37;659.561;
1917.0;1292.889;1067.869;568.142;1110.737;1481.202;1902.188;215.58;341.374;411.044;843.232;712.178;744.34;852.978;582.455;516.039;2061.885;2181.105;3228.855;2220.777;2777.367;3786.447;3498.646;4269.838;3757.408;3380.798;2754.105;3748.062;2862.558;1979.447;4176.278;123.907;1160.354;778.588;853.479;528.448;143.567;938.285;705.852;1624.897;1008.65;1708.627;233.699;1341.756;0.0;50.973;2315.814;4456.005;2507.496;3681.116;4505.79;4537.996;3648.089;4106.355;2230.932;4421.142;3477.146;4613.99;3223.858;4336.435;3544.98;3572.314;3465.717;3715.566;2657.528;2340.499;2248.522;2842.566;3912.214;3630.645;3274.239;2653.696;3090.551;2201.528;3203.182;1964.226;
1869.0;1242.424;1016.912;534.609;1060.362;1432.171;1854.167;203.65;292.667;363.119;889.537;663.542;696.056;805.752;535.282;564.152;2015.391;2135.761;3190.098;2175.828;2736.641;3749.307;3460.906;4234.782;3719.404;3341.492;2712.579;3711.076;2821.986;1932.008;4141.825;113.166;1111.739;825.501;900.466;480.049;159.57;977.364;744.521;1576.59;1044.484;1660.39;257.182;1293.476;50.973;0.0;2269.466;4414.688;2462.089;3639.548;4465.336;4497.198;3606.129;4065.684;2184.697;4381.86;3436.178;4576.21;3181.499;4296.917;3503.887;3525.214;3419.088;3669.69;2607.378;2289.568;2197.549;2793.402;3867.382;3584.821;3226.977;2604.128;3043.945;2150.709;3158.479;1914.154;
438.0;1135.8;1395.829;2199.791;1282.767;881.046;452.293;2341.129;2066.721;1907.21;3158.933;1612.502;1578.043;1464.541;1734.452;2830.752;254.446;167.524;1185.01;167.769;713.539;1755.485;1469.498;2292.148;1690.09;1289.698;646.711;1727.781;786.667;356.289;2232.447;2319.772;1173.759;3094.371;3169.221;1792.367;2397.409;3226.146;2996.077;720.213;3272.811;639.154;2490.123;991.264;2315.814;2269.466;0.0;2232.056;217.141;1471.775;2307.833;2328.344;1425.987;1912.745;85.652;2265.898;1302.499;2506.873;1008.522;2175.674;1360.851;2601.533;2575.047;2847.183;1512.226;1072.562;960.071;1812.535;3107.238;2786.608;2362.118;1636.53;2311.308;1126.348;2580.681;617.873;
2670.0;3365.71;3623.591;4418.425;3503.688;3106.52;2684.205;4518.123;4251.857;4064.672;5287.96;3789.07;3753.273;3635.13;3894.427;4955.284;2473.193;2324.459;1263.657;2276.116;1679.75;849.961;1051.084;830.34;814.886;1102.735;1702.195;889.55;1595.475;2587.014;912.987;4482.609;3376.118;5220.311;5293.304;3957.622;4557.798;5391.002;5158.138;2944.923;5450.344;2866.916;4655.145;3199.943;4456.005;4414.688;2232.056;0.0;2016.314;775.763;136.071;112.734;812.979;360.979;2306.175;290.43;979.748;522.745;1240.03;280.067;911.399;3966.935;4012.856;4215.516;3228.975;2980.941;2933.914;3454.727;4451.695;4192.311;3858.824;3374.11;3920.154;3112.112;4203.665;2801.712;
654.0;1349.879;1608.916;2410.094;1492.997;1092.656;668.085;2541.046;2267.993;2101.342;3350.558;1810.262;1775.312;1660.049;1928.485;3020.729;459.747;326.424;982.156;290.072;529.032;1545.996;1263.255;2083.068;1478.24;1079.482;456.33;1519.44;593.585;570.706;2026.301;2516.432;1377.344;3285.264;3359.922;1987.943;2593.722;3424.928;3193.947;931.187;3474.245;851.657;2687.668;1196.342;2507.496;2462.089;217.141;2016.314;0.0;1254.7;2091.097;2112.012;1209.149;1695.689;290.289;2048.807;1086.067;2290.498;791.478;1958.566;1143.98;2704.63;2687.602;2954.707;1643.743;1226.748;1124.841;1939.785;3215.276;2898.185;2479.155;1775.236;2443.65;1298.645;2719.016;825.749;
1908.0;2599.31;2855.337;3646.034;2733.065;2338.324;1921.868;3742.363;3476.278;3288.997;4514.517;3013.458;2977.649;2859.47;3118.681;4181.831;1706.568;1554.575;545.712;1505.124;907.7;520.505;464.27;970.354;422.016;393.715;927.011;527.506;824.962;1823.515;962.496;3706.966;2602.571;4447.036;4520.247;3181.86;3782.235;4615.572;4382.734;2176.969;4674.615;2100.488;3879.505;2427.609;3681.116;3639.548;1471.775;775.763;1254.7;0.0;838.586;863.593;59.116;441.011;1542.308;798.039;215.787;1053.875;467.138;707.431;147.423;3487.783;3512.847;3743.126;2619.501;2311.954;2247.395;2874.958;3993.233;3707.564;3335.972;2764.688;3365.455;2428.39;3652.013;2061.072;
2745.0;3437.658;3693.906;4483.865;3571.531;3176.869;2758.991;4573.622;4309.533;4118.322;5333.873;3846.708;3810.833;3692.461;3949.095;5001.37;2544.801;2393.161;1291.812;2343.663;1728.853;827.951;1058.038;729.416;808.406;1133.176;1756.605;869.112;1643.362;2660.974;820.896;4535.774;3439.873;5265.93;5338.482;4012.846;4610.36;5442.492;5209.578;3015.482;5504.108;2938.77;4708.218;3265.651;4505.79;4465.336;2307.833;136.071;2091.097;838.586;0.0;59.471;882.014;400.664;2379.744;184.409;1031.018;387.76;1305.711;213.358;964.713;4095.394;4139.853;4344.622;3343.735;3085.707;3035.022;3573.542;4581.827;4320.568;3983.825;3489.097;4042.238;3214.106;4326.321;2887.273;
2766.0;3460.233;3717.278;4509.534;3596.02;3200.149;2780.097;4603.545;4338.531;4148.951;5367.637;3875.67;3839.823;3721.53;3979.292;5035.044;2567.361;2417.017;1330.686;2368.026;1760.629;879.675;1103.033;788.187;856.446;1171.072;1786.301;920.581;1675.547;2682.453;880.237;4566.641;3466.165;5299.801;5372.524;4042.824;4641.476;5474.099;5241.189;3038.636;5534.808;2961.305;4739.138;3291.052;4537.996;4497.198;2328.344;112.734;2112.012;863.593;59.471;0.0;904.428;431.948;2401.335;243.765;1061.175;430.985;1330.289;269.752;993.931;4079.08;4125.306;4327.475;3340.745;3089.989;3041.691;3567.168;4563.286;4304.503;3971.501;3485.931;4032.867;3220.224;4316.394;2902.955;
1863.0;2556.044;2812.869;3605.805;2691.725;2295.746;1876.981;3706.641;3439.607;3254.283;4482.993;2976.926;2941.164;2823.135;3083.543;4150.346;1663.141;1512.623;546.053;1463.796;879.906;573.968;495.755;1029.404;475.385;402.104;894.998;578.925;798.866;1778.969;1020.829;3672.339;2563.177;4415.672;4489.061;3146.431;3747.866;4581.476;4348.715;2134.25;4639.484;2057.115;3844.87;2387.278;3648.089;3606.129;1425.987;812.979;1209.149;59.116;882.014;904.428;0.0;488.137;1497.745;849.029;207.579;1108.011;427.081;758.448;146.756;3428.817;3453.764;3684.187;2561.208;2255.702;2192.159;2816.186;3934.392;3648.542;3276.857;2706.436;3306.476;2373.074;3593.033;2011.403;
2349.0;3039.765;3295.289;4083.787;3172.141;2778.421;2362.858;4173.152;3908.898;3718.067;4935.696;3446.066;3410.194;3291.828;3548.692;4603.107;2147.204;1994.468;903.015;1944.6;1329.044;527.991;694.938;708.431;473.745;742.333;1356.01;563.498;1243.808;2264.462;751.079;4135.62;3039.605;4867.855;4940.576;3612.382;4210.316;5042.707;4809.792;2617.179;5103.898;2541.047;4308.089;2865.779;4106.355;4065.684;1912.745;360.979;1695.689;441.011;400.664;431.948;488.137;0.0;1983.271;366.369;630.43;638.425;907.209;277.215;564.058;3820.01;3855.22;4072.885;3009.723;2726.549;2668.678;3252.648;4316.942;4043.193;3688.672;3155.354;3733.135;2849.013;4019.033;2499.368;
366.0;1059.692;1318.628;2120.448;1203.28;802.49;379.69;2257.692;1983.597;1822.605;3074.104;1528.472;1493.908;1380.065;1649.805;2745.721;171.148;99.931;1235.247;124.889;755.423;1810.494;1521.814;2346.172;1747.86;1346.291;692.887;1781.643;832.606;281.236;2283.578;2235.64;1091.121;3009.453;3084.285;1707.971;2313.222;3142.518;2912.24;641.111;3189.839;561.368;2406.179;909.083;2230.932;2184.697;85.652;2306.175;290.289;1542.308;2379.744;2401.335;1497.745;1983.271;0.0;2334.008;1368.257;2571.736;1077.024;2244.001;1428.043;2618.567;2587.816;2861.846;1518.73;1069.283;951.2;1820.024;3121.333;2799.498;2373.172;1638.731;2314.929;1111.022;2580.711;574.793;
2700.0;3385.994;3639.233;4420.737;3513.405;3123.404;2713.607;4496.463;4235.675;4039.277;5243.447;3773.499;3737.579;3619.104;3871.675;4911.458;2495.318;2339.943;1193.553;2288.958;1652.216;684.377;939.292;545.962;681.194;1040.369;1686.911;726.1;1565.885;2614.658;636.488;4455.531;3376.057;5175.19;5247.129;3936.074;4529.229;5359.141;5126.362;2962.778;5423.711;2888.265;4627.655;3205.068;4421.142;4381.86;2265.898;290.43;2048.807;798.039;184.409;243.765;849.029;366.369;2334.008;0.0;967.765;280.095;1257.41;90.614;906.145;4163.329;4202.481;4414.759;3372.735;3092.889;3034.891;3612.41;4655.864;4387.513;4040.004;3518.364;4089.475;3215.283;4374.895;2859.034;
1734.0;2418.24;2671.616;3455.829;2546.409;2155.651;1747.436;3542.744;3278.524;3087.833;4308.264;2815.709;2779.831;2661.451;2918.329;3975.595;1528.074;1372.215;339.059;1321.193;700.095;524.928;347.019;1040.598;434.734;204.147;725.588;514.693;615.737;1648.249;1008.999;3505.483;2411.238;4240.592;4313.564;2981.98;3580.301;4412.975;4180.069;1995.015;4473.687;1920.665;3677.974;2238.754;3477.146;3436.178;1302.499;979.748;1086.067;215.787;1031.018;1061.175;207.579;630.43;1368.257;967.765;0.0;1204.431;298.941;878.474;69.291;3450.116;3467.106;3706.321;2534.754;2200.113;2126.261;2801.387;3960.088;3666.376;3282.532;2678.681;3298.921;2307.331;3585.006;1905.526;
2937.0;3615.536;3865.527;4637.529;3736.755;3351.986;2950.253;4698.053;4441.439;4239.549;5427.688;3980.918;3945.03;3826.723;4074.174;5096.853;2729.343;2571.438;1390.106;2519.397;1866.266;830.806;1115.344;481.323;857.133;1246.997;1907.58;870.723;1780.008;2850.869;595.022;4653.61;3594.224;5359.119;5430.154;4139.169;4726.13;5552.151;5319.842;3192.48;5620.203;3120.101;4825.065;3426.841;4613.99;4576.21;2506.873;522.745;2290.498;1053.875;387.76;430.985;1108.011;638.425;2571.736;280.095;1204.431;0.0;1500.791;363.061;1147.795;4443.358;4482.567;4694.703;3648.14;3360.964;3299.758;3890.024;4935.549;4667.577;4319.842;3793.772;4368.395;3480.548;4653.955;3108.043;
1443.0;2132.557;2388.276;3179.276;2265.954;1871.313;1456.713;3280.217;3012.781;2828.563;4060.389;2550.174;2514.434;2396.478;2657.537;3727.859;1240.076;1087.473;375.213;1037.991;475.027;803.501;563.954;1331.701;720.902;365.204;477.0;786.107;403.77;1358.006;1292.357;3246.632;2136.27;3993.289;4066.903;2720.227;3322.354;4156.103;3923.429;1710.016;4213.35;1633.861;3419.138;1960.773;3223.858;3181.499;1008.522;1240.03;791.478;467.138;1305.711;1330.289;427.081;907.209;1077.024;1257.41;298.941;1500.791;0.0;1167.244;353.052;3198.562;3209.272;3454.813;2253.688;1907.272;1830.579;2526.171;3710.942;3411.539;3019.504;2396.588;3026.996;2011.478;3312.266;1607.577;
2610.0;3296.553;3550.085;4332.576;3424.587;3034.088;2623.632;4410.372;4149.01;3953.466;5160.042;3686.678;3650.76;3532.285;3785.558;4827.911;2405.588;2250.476;1110.607;2199.608;1565.314;618.664;862.211;555.104;606.786;955.867;1599.003;660.151;1479.058;2524.728;633.623;4369.984;3287.87;5091.851;5163.934;3849.855;4443.853;5274.261;5041.438;2873.374;5338.273;2798.671;4542.183;3116.476;4336.435;4296.917;2175.674;280.067;1958.566;707.431;213.358;269.752;758.448;277.215;2244.001;90.614;878.474;363.061;1167.244;0.0;816.368;4083.906;4121.741;4335.838;3285.849;3003.586;2945.05;3527.003;4577.928;4307.782;3957.835;3431.483;4005.464;3125.506;4291.082;2768.445;
1794.0;2480.4;2734.525;3520.486;2610.063;2218.178;1807.564;3609.645;3344.987;3155.055;4376.565;2882.139;2846.274;2727.931;2985.361;4043.887;1589.221;1434.343;401.022;1383.724;768.36;504.502;366.81;1005.111;409.622;255.416;792.377;499.648;684.31;1708.56;980.327;3572.793;2476.065;4308.927;4381.944;3048.91;3647.712;4480.55;4247.653;2057.304;4540.908;1982.353;3745.301;2302.921;3544.98;3503.887;1360.851;911.399;1143.98;147.423;964.713;993.931;146.756;564.058;1428.043;906.145;69.291;1147.795;353.052;816.368;0.0;3469.89;3489.413;3725.921;2568.683;2242.098;2171.007;2832.027;3978.624;3687.334;3307.163;2713.082;3327.621;2352.171;3613.959;1960.342;
