0.0;1174.005;1204.649;1048.726;1266.924;1292.741;1204.167;1211.928;1187.428;1351.487;1021.101;1344.006;1593.23;1373.367;1000.494;1455.985;574.706;432.395;405.609;404.13;589.34;603.503;556.739;436.368;426.549;358.89;568.108;553.586;305.925;415.352;437.393;1203.147;1361.479;1142.786;1231.157;1364.916;1443.49;1346.883;1110.856;1243.903;1088.301;1273.176;1399.197;1353.593;1169.443;1254.964;779.391;505.941;580.333;590.667;744.545;410.909;815.543;431.216;696.152;872.795;425.396;543.844;611.839;676.546;487.817;392.101;381.244;563.774;512.435;359.78;364.47;308.206;503.412;397.892;491.423;360.357;597.139;401.505;426.924;371.287;
1174.005;0.0;33.985;265.844;201.535;121.209;37.262;101.598;297.227;195.023;167.912;217.837;482.312;226.636;249.014;282.302;1137.025;963.392;1074.613;894.736;1093.118;1103.25;1037.957;1059.231;1154.894;933.453;896.455;1161.232;1077.437;809.907;1075.587;1977.322;2214.811;2003.744;1964.676;2089.346;2288.95;2041.657;1948.021;2107.942;1942.295;1967.323;2231.531;2219.831;2134.489;2039.306;1442.56;1078.627;1032.893;1332.833;1286.232;1126.09;1197.102;1256.071;1062.075;1171.971;1289.62;1279.684;1054.669;1189.123;1218.711;962.464;893.973;800.577;863.434;1052.574;887.029;1013.097;1063.119;1089.087;929.179;901.615;1070.356;992.554;955.411;866.192;
1204.649;33.985;0.0;295.76;206.014;88.577;37.048;110.634;315.9;161.039;192.074;207.45;466.78;210.017;281.935;251.352;1156.988;987.123;1098.435;920.133;1112.557;1122.361;1058.156;1082.379;1178.308;959.515;916.873;1181.812;1103.385;837.041;1098.688;1994.449;2233.225;2023.109;1980.766;2104.628;2306.912;2056.334;1966.97;2127.01;1961.72;1982.337;2249.295;2238.598;2156.354;2056.439;1476.32;1112.611;1066.812;1366.817;1319.82;1159.922;1230.071;1289.88;1095.574;1204.39;1323.371;1313.665;1088.513;1222.841;1252.664;996.121;927.304;834.559;897.385;1086.201;920.131;1046.347;1097.103;1122.88;963.135;934.785;1104.242;1026.302;989.215;899.183;
1048.726;265.844;295.76;0.0;230.676;363.133;266.841;221.299;145.857;445.943;285.12;319.68;546.612;358.491;67.942;490.719;1143.677;937.409;1043.425;852.76;1106.141;1119.049;1045.563;1035.941;1125.669;881.599;907.792;1161.152;1021.441;750.74;1052.248;1995.932;2219.515;2001.338;1992.634;2123.18;2297.267;2081.091;1950.115;2107.395;1939.926;2004.585;2242.107;2221.198;2106.154;2057.262;1203.085;860.164;803.445;1109.764;1042.691;922.821;944.034;1052.382;817.656;913.996;1088.592;1060.26;820.712;949.49;1004.887;771.0;716.784;588.284;655.429;860.468;717.316;835.265;845.2;888.529;719.136;729.37;838.456;796.1;756.827;700.461;
1266.924;201.535;206.014;230.676;0.0;214.449;170.419;100.326;151.692;288.21;342.57;91.852;328.693;134.108;267.219;284.875;1301.597;1112.047;1221.743;1034.814;1259.982;1271.291;1202.203;1210.01;1303.557;1068.874;1060.933;1323.142;1211.965;939.952;1226.473;2149.776;2382.244;2167.811;2140.56;2267.542;2457.967;2221.672;2113.851;2273.006;2106.241;2146.466;2401.351;2385.9;2287.131;2211.638;1423.308;1089.182;1029.921;1337.102;1260.964;1153.379;1154.207;1282.832;1036.703;1117.41;1319.154;1288.602;1045.433;1170.739;1234.358;1001.404;945.557;818.73;886.004;1090.996;944.868;1064.5;1074.355;1119.184;949.515;957.419;1063.901;1026.736;987.488;927.166;
1292.741;121.209;88.577;363.133;214.449;0.0;100.568;147.701;351.99;83.044;276.223;176.554;409.71;161.06;359.772;163.762;1231.182;1067.477;1178.809;1002.872;1185.924;1195.149;1132.887;1161.767;1258.006;1043.084;992.204;1257.012;1186.709;922.003;1177.987;2062.836;2303.882;2095.581;2047.196;2169.415;2376.705;2119.967;2038.726;2198.902;2034.33;2046.681;2318.745;2309.895;2233.086;2124.804;1556.687;1196.895;1149.103;1450.684;1398.85;1246.161;1305.322;1376.23;1174.102;1276.881;1410.009;1398.068;1169.87;1302.943;1337.798;1083.142;1015.094;919.088;982.623;1173.31;1008.235;1134.26;1181.443;1209.332;1048.284;1022.808;1186.082;1112.975;1075.634;987.4;
1204.167;37.262;37.048;266.841;170.419;100.568;0.0;73.651;279.373;181.099;204.289;180.776;445.063;189.584;259.47;254.669;1173.958;999.258;1110.423;929.817;1130.14;1140.318;1074.853;1095.31;1190.86;968.133;933.322;1198.043;1112.153;843.898;1111.681;2014.555;2251.939;2040.749;2001.938;2126.6;2326.122;2078.887;1985.087;2144.99;1979.291;2004.568;2268.721;2256.918;2170.93;2076.538;1456.244;1096.616;1048.54;1350.285;1298.633;1146.846;1206.214;1276.98;1073.976;1178.903;1311.012;1297.805;1069.32;1202.527;1237.808;984.644;917.882;818.927;882.74;1074.892;911.847;1037.279;1081.182;1110.203;948.344;926.173;1085.515;1014.079;976.511;891.412;
1211.928;101.598;110.634;221.299;100.326;147.701;73.651;0.0;208.848;230.255;247.943;137.321;403.745;161.616;231.639;271.359;1214.848;1031.75;1142.315;958.015;1172.229;1183.061;1115.469;1128.99;1223.6;994.189;973.889;1237.539;1138.018;867.188;1145.434;2060.204;2294.894;2081.847;2049.537;2175.583;2369.954;2128.946;2027.103;2186.648;2020.304;2054.083;2312.978;2299.142;2206.231;2122.137;1423.121;1073.001;1020.2;1324.91;1263.372;1129.233;1165.268;1259.392;1038.321;1134.37;1294.47;1273.96;1038.927;1169.358;1216.217;970.923;908.704;797.228;862.816;1061.184;905.036;1028.328;1057.771;1093.532;927.814;918.622;1056.083;998.685;960.261;885.749;
1187.428;297.227;315.9;145.857;151.692;351.99;279.373;208.848;0.0;431.471;383.907;239.579;419.58;282.976;209.675;436.484;1287.25;1082.765;1189.09;998.514;1248.995;1261.643;1188.795;1181.323;1271.344;1027.456;1050.147;1305.334;1167.196;896.594;1197.653;2139.514;2364.318;2146.462;2135.258;2265.235;2441.863;2222.402;2094.954;2252.464;2085.02;2146.105;2386.514;2366.205;2252.011;2200.949;1284.353;964.154;899.688;1207.221;1120.845;1035.594;1009.6;1163.471;897.986;970.246;1200.836;1161.01;912.508;1033.41;1110.187;891.919;844.444;701.866;769.932;979.819;847.579;961.052;949.807;1003.235;831.108;858.605;931.892;914.239;874.512;832.24;
1351.487;195.023;161.039;445.943;288.21;83.044;181.099;230.255;431.471;0.0;330.387;232.547;425.004;204.117;440.344;128.972;1258.729;1105.974;1216.99;1046.302;1212.355;1220.673;1161.613;1198.182;1294.711;1088.173;1022.473;1286.057;1230.858;970.767;1214.193;2080.074;2324.119;2118.774;2061.732;2181.574;2395.603;2130.66;2060.902;2221.096;2057.809;2058.412;2337.203;2331.079;2263.004;2141.929;1636.557;1273.631;1227.656;1527.855;1479.41;1320.219;1387.254;1450.069;1254.862;1359.415;1483.293;1474.666;1249.091;1382.941;1413.51;1155.695;1085.56;995.564;1058.234;1245.629;1077.461;1204.208;1258.117;1283.015;1124.003;1092.378;1264.972;1186.258;1149.409;1056.081;
1021.101;167.912;192.074;285.12;342.57;276.223;204.289;247.943;383.907;330.387;0.0;380.406;647.331;393.544;231.25;439.676;970.222;795.63;906.889;728.059;926.771;937.204;871.017;891.343;987.056;767.55;729.427;993.997;911.376;645.799;907.694;1813.109;2049.099;1837.209;1801.863;1927.695;2123.691;1881.003;1781.848;1941.64;1775.72;1806.154;2066.5;2053.782;1966.654;1875.067;1354.051;974.695;939.584;1229.089;1204.394;1010.027;1130.473;1138.451;984.786;1115.24;1169.83;1173.493;965.428;1103.832;1108.872;841.927;766.9;698.994;756.53;930.613;756.234;883.782;959.033;971.825;821.935;771.752;978.715;874.471;839.532;733.947;
1344.006;217.837;207.45;319.68;91.852;176.554;180.776;137.321;239.579;232.547;380.406;0.0;267.335;43.447;349.704;200.287;1350.043;1168.846;1279.49;1095.336;1306.945;1317.505;1250.73;1265.957;1360.702;1131.449;1109.109;1373.217;1275.246;1004.252;1282.395;2193.376;2429.431;2217.119;2181.539;2306.654;2504.093;2259.215;2162.012;2321.716;2155.601;2184.758;2446.905;2433.992;2343.07;2255.343;1515.146;1179.535;1121.101;1428.115;1352.815;1242.23;1245.74;1371.915;1128.548;1208.371;1407.975;1379.277;1136.916;1262.531;1324.459;1088.498;1030.557;907.865;974.849;1178.36;1028.777;1149.857;1164.634;1207.658;1038.746;1041.731;1155.28;1114.527;1075.459;1010.437;
1593.23;482.312;466.78;546.612;328.693;409.71;445.063;403.745;419.58;425.004;647.331;267.335;0.0;256.763;592.86;312.903;1617.306;1435.339;1545.761;1360.526;1574.076;1584.535;1518.012;1532.688;1627.168;1395.677;1376.39;1640.549;1539.145;1267.428;1549.136;2459.594;2696.413;2484.374;2446.906;2571.223;2770.87;2523.089;2429.157;2588.911;2422.864;2449.019;2713.567;2701.106;2609.967;2521.575;1685.909;1381.304;1313.892;1620.608;1521.183;1454.839;1399.969;1582.3;1302.551;1351.908;1619.868;1576.232;1324.317;1439.13;1527.426;1311.178;1261.577;1121.411;1189.488;1399.305;1263.237;1379.098;1367.208;1422.716;1250.422;1274.911;1344.465;1333.786;1294.07;1246.803;
1373.367;226.636;210.017;358.491;134.108;161.06;189.584;161.616;282.976;204.117;393.544;43.447;256.763;0.0;384.5;157.915;1363.524;1186.967;1297.952;1115.565;1319.722;1329.882;1264.398;1283.481;1378.74;1152.727;1122.849;1387.513;1296.71;1026.685;1299.883;2203.629;2441.434;2230.333;2190.452;2314.547;2515.51;2266.337;2174.652;2334.565;2168.874;2192.301;2458.047;2446.467;2359.768;2265.617;1556.689;1218.65;1161.231;1467.97;1394.607;1279.876;1288.314;1409.733;1170.169;1251.344;1445.548;1418.718;1177.518;1303.855;1363.275;1124.763;1065.316;945.902;1012.597;1214.792;1062.781;1184.793;1203.674;1244.988;1076.806;1076.002;1195.705;1151.329;1112.426;1044.026;
1000.494;249.014;281.935;67.942;267.219;359.772;259.47;231.639;209.675;440.344;231.25;349.704;592.86;384.5;0.0;502.109;1077.716;873.5;980.341;790.131;1039.74;1052.516;979.374;972.074;1062.603;820.226;841.123;1095.671;961.127;689.589;988.429;1930.001;2154.677;1936.943;1926.157;2056.454;2232.192;2014.092;1885.322;2042.913;1875.485;1937.654;2176.84;2156.625;2044.324;1991.404;1196.956;841.731;790.637;1094.208;1039.164;897.763;948.143;1027.891;814.533;923.232;1063.118;1042.804;810.598;943.19;984.665;740.619;680.985;565.61;631.196;830.765;679.084;800.388;826.454;862.237;696.175;692.031;827.153;767.771;729.149;660.865;
1455.985;282.302;251.352;490.719;284.875;163.762;254.669;271.359;436.484;128.972;439.676;200.287;312.903;157.915;502.109;0.0;1384.997;1227.458;1338.704;1164.754;1338.944;1347.525;1287.448;1320.809;1417.237;1205.497;1147.674;1411.84;1348.901;1085.234;1336.933;2208.708;2452.36;2246.419;2190.599;2310.537;2524.052;2259.63;2188.758;2348.967;2185.382;2187.381;2465.708;2459.156;2388.715;2270.58;1693.748;1343.841;1291.559;1596.111;1533.367;1398.022;1432.225;1528.227;1308.349;1398.326;1562.801;1544.905;1310.189;1440.083;1486.584;1237.479;1171.985;1067.405;1132.426;1327.784;1166.329;1291.481;1328.56;1361.84;1197.694;1180.563;1327.414;1266.252;1228.269;1145.999;
574.706;1137.025;1156.988;1143.677;1301.597;1231.182;1173.958;1214.848;1287.25;1258.729;970.222;1350.043;1617.306;1363.524;1077.716;1384.997;0.0;230.283;176.726;325.316;49.02;48.658;99.409;154.609;154.031;324.989;240.963;35.912;274.634;432.738;146.235;852.287;1080.658;867.076;850.19;982.396;1156.716;943.744;812.354;971.802;805.559;866.511;1100.537;1084.415;1004.651;913.699;1342.837;1011.53;1061.84;1154.163;1283.142;941.898;1322.358;994.867;1176.451;1364.394;994.768;1102.273;1098.626;1198.992;1038.472;845.923;781.83;928.018;912.228;863.71;752.43;789.272;1003.273;916.002;929.247;761.499;1091.108;873.508;878.15;739.33;
432.395;963.392;987.123;937.409;1112.047;1067.477;999.258;1031.75;1082.765;1105.974;795.63;1168.846;1435.339;1186.967;873.5;1227.458;230.283;0.0;111.34;95.162;212.512;228.85;155.955;98.575;191.857;101.093;138.882;235.912;151.653;203.63;114.952;1066.294;1283.094;1064.118;1069.89;1203.806;1361.568;1167.921;1013.712;1170.269;1002.776;1090.524;1307.258;1284.192;1175.105;1126.728;1157.794;804.286;847.131;971.951;1082.552;745.759;1109.72;816.298;959.379;1147.417;822.681;916.694;884.359;993.127;849.087;632.091;561.832;700.082;687.818;661.355;532.066;584.702;794.614;715.967;709.575;542.607;878.745;662.354;662.492;516.957;
405.609;1074.613;1098.435;1043.425;1221.743;1178.809;1110.423;1142.315;1189.09;1216.99;906.889;1279.49;1545.761;1297.952;980.341;1338.704;176.726;111.34;0.0;191.138;184.171;198.872;154.41;33.498;82.262;171.229;222.612;165.789;100.176;297.886;31.887;970.332;1180.809;960.533;978.04;1113.012;1260.077;1080.219;911.83;1066.838;899.468;1002.907;1206.697;1180.932;1065.577;1029.946;1167.046;835.672;887.827;978.598;1106.462;765.175;1147.341;819.632;1003.18;1190.822;820.696;926.223;924.391;1022.76;862.014;672.14;611.394;765.518;744.768;687.371;582.42;613.343;827.69;739.422;757.938;590.487;916.289;698.78;704.975;570.954;
404.13;894.736;920.133;852.76;1034.814;1002.872;929.817;958.015;998.514;1046.302;728.059;1095.336;1360.526;1115.565;790.131;1164.754;325.316;95.162;191.138;0.0;305.304;321.492;246.12;188.136;273.19;47.908;180.634;330.797;184.637;109.119;203.694;1158.188;1371.577;1151.551;1163.162;1297.398;1450.626;1262.158;1102.439;1257.841;1090.43;1184.753;1396.913;1371.916;1254.445;1218.302;1090.549;726.098;763.9;907.44;1006.946;675.07;1026.929;755.354;874.237;1061.906;765.371;850.716;801.266;914.799;781.483;550.733;476.41;607.729;598.346;587.6;446.583;510.432;715.581;643.124;623.547;458.216;796.894;582.625;579.599;429.929;
589.34;1093.118;1112.557;1106.141;1259.982;1185.924;1130.14;1172.229;1248.995;1212.355;926.771;1306.945;1574.076;1319.722;1039.74;1338.944;49.02;212.512;184.171;305.304;0.0;16.381;62.269;155.731;182.682;311.939;199.386;83.348;284.347;409.631;152.284;891.139;1122.668;910.638;886.499;1017.516;1198.01;977.102;855.082;1014.883;849.208;900.128;1141.383;1127.047;1051.759;952.796;1349.209;1009.105;1055.927;1161.146;1283.84;943.728;1317.72;1002.608;1169.336;1357.436;1004.408;1108.074;1092.977;1197.409;1042.879;840.179;772.641;912.449;900.09;863.011;742.98;787.494;1000.211;916.325;920.41;752.932;1086.415;869.095;871.525;728.579;
603.503;1103.25;1122.361;1119.049;1271.291;1195.149;1140.318;1183.061;1261.643;1220.673;937.204;1317.505;1584.535;1329.882;1052.516;1347.525;48.658;228.85;198.872;321.492;16.381;0.0;77.401;171.099;192.944;328.32;211.559;84.539;299.008;425.528;167.013;879.131;1111.931;900.763;873.643;1004.281;1186.925;963.411;844.771;1004.716;839.403;886.52;1130.111;1116.62;1044.531;940.861;1364.671;1025.268;1072.239;1176.524;1299.818;959.594;1333.996;1017.88;1185.683;1373.782;1019.438;1123.579;1109.283;1213.534;1058.521;856.477;789.014;928.737;916.462;879.057;759.355;803.601;1016.406;932.306;936.781;769.296;1102.687;885.344;887.852;744.961;
556.739;1037.957;1058.156;1045.563;1202.203;1132.887;1074.853;1115.469;1188.795;1161.613;871.017;1250.73;1518.012;1264.398;979.374;1287.448;99.409;155.955;154.41;246.12;62.269;77.401;0.0;121.608;180.807;256.864;141.622;124.447;251.316;348.711;124.62;950.789;1180.044;966.41;947.342;1078.788;1256.01;1038.831;911.762;1071.191;904.882;961.789;1199.737;1183.824;1101.392;1012.313;1305.649;958.573;1002.798;1118.418;1235.411;896.76;1265.215;960.911;1115.28;1303.333;964.591;1064.327;1039.987;1147.27;997.976;787.506;717.785;853.847;843.27;814.119;688.02;737.929;949.21;868.15;865.53;698.52;1034.103;817.323;818.181;672.84;
436.368;1059.231;1082.379;1035.941;1210.01;1161.767;1095.31;1128.99;1181.323;1198.182;891.343;1265.957;1532.688;1283.481;972.074;1320.809;154.609;98.575;33.498;188.136;155.731;171.099;121.608;0.0;96.547;176.564;193.913;149.619;130.449;297.003;16.463;970.057;1184.969;965.732;975.354;1109.805;1263.634;1075.387;915.636;1071.917;904.426;997.994;1209.559;1185.879;1077.366;1030.207;1193.573;857.275;907.237;1005.441;1130.041;789.29;1167.794;846.877;1021.924;1209.836;848.83;952.492;944.017;1044.997;887.567;691.325;627.893;777.567;759.448;709.92;598.61;635.116;848.884;762.638;775.11;607.386;936.527;718.929;723.611;586.07;
426.549;1154.894;1178.308;1125.669;1303.557;1258.006;1190.86;1223.6;1271.344;1294.711;987.056;1360.702;1627.168;1378.74;1062.603;1417.237;154.031;191.857;82.262;273.19;182.682;192.944;180.807;96.547;0.0;250.532;285.794;128.082;144.305;379.102;80.73;891.773;1099.571;878.964;901.524;1036.864;1179.079;1005.773;830.828;985.284;818.002;928.642;1126.042;1099.4;983.615;950.949;1201.674;886.145;943.229;1012.629;1150.769;809.161;1199.704;852.825;1059.687;1246.352;850.311;962.532;979.202;1070.985;901.037;728.92;673.706;834.255;809.597;736.149;645.44;664.579;879.2;786.111;818.346;652.202;969.743;753.32;762.731;635.842;
358.89;933.453;959.515;881.599;1068.874;1043.084;968.133;994.189;1027.456;1088.173;767.55;1131.449;1395.677;1152.727;820.226;1205.497;324.989;101.093;171.229;47.908;311.939;328.32;256.864;176.564;250.532;0.0;215.765;325.228;144.032;130.905;190.355;1141.453;1349.767;1128.786;1149.188;1284.078;1429.447;1250.765;1081.225;1235.102;1067.992;1173.409;1376.547;1349.23;1224.58;1200.949;1060.618;703.585;746.045;875.873;982.486;646.997;1008.628;721.8;858.423;1046.484;730.101;819.922;783.269;892.456;751.578;531.012;461.059;603.036;588.359;561.558;431.329;484.691;693.781;616.481;608.835;441.678;777.669;561.395;561.408;416.65;
568.108;896.455;916.873;907.792;1060.933;992.204;933.322;973.889;1050.147;1022.473;729.427;1109.109;1376.39;1122.849;841.123;1147.674;240.963;138.882;222.612;180.634;199.386;211.559;141.622;193.913;285.794;215.765;0.0;264.953;288.563;255.187;207.374;1090.497;1321.363;1108.024;1085.111;1215.388;1397.063;1173.705;1053.258;1212.759;1046.499;1097.024;1340.585;1325.314;1241.135;1152.171;1271.027;903.291;936.82;1088.073;1185.089;855.227;1199.578;935.709;1044.441;1231.026;945.089;1031.328;974.202;1091.507;962.007;726.325;648.468;763.694;762.64;767.11;618.846;689.947;892.26;822.811;793.7;631.609;971.091;759.277;753.686;600.332;
553.586;1161.232;1181.812;1161.152;1323.142;1257.012;1198.043;1237.539;1305.334;1286.057;993.997;1373.217;1640.549;1387.513;1095.671;1411.84;35.912;235.912;165.789;330.797;83.348;84.539;124.447;149.619;128.082;325.228;264.953;0.0;259.198;439.54;138.108;835.469;1060.009;844.671;836.077;969.317;1136.861;932.452;791.067;949.918;783.102;855.079;1081.236;1063.01;976.953;896.534;1325.872;1000.888;1053.611;1136.952;1270.033;928.405;1312.944;977.334;1168.954;1356.61;975.999;1085.894;1090.16;1187.538;1023.097;837.927;776.487;927.161;908.799;852.101;747.353;778.575;993.092;903.589;923.342;755.75;1081.967;864.502;870.725;735.251;
305.925;1077.437;1103.385;1021.441;1211.965;1186.709;1112.153;1138.018;1167.196;1230.858;911.376;1275.246;1539.145;1296.71;961.127;1348.901;274.634;151.653;100.176;184.637;284.347;299.008;251.316;130.449;144.305;144.032;288.563;259.198;0.0;272.154;132.063;1025.023;1223.208;1001.191;1038.425;1174.072;1303.802;1145.083;956.513;1107.25;941.165;1068.236;1252.446;1221.202;1086.476;1083.037;1068.204;743.394;799.237;879.545;1010.914;669.249;1056.491;720.322;915.562;1102.409;720.844;827.686;835.326;929.205;764.235;584.689;529.826;692.909;666.302;593.903;501.766;521.396;736.106;644.813;674.105;508.218;826.158;609.401;618.445;492.821;
415.352;809.907;837.041;750.74;939.952;922.003;843.898;867.188;896.594;970.767;645.799;1004.252;1267.428;1026.685;689.589;1085.234;432.738;203.63;297.886;109.119;409.631;425.528;348.711;297.003;379.102;130.905;255.187;439.54;272.154;0.0;312.361;1266.887;1478.602;1258.062;1272.232;1406.505;1557.949;1371.243;1209.696;1364.383;1197.101;1293.839;1504.568;1478.501;1355.473;1326.873;1033.418;655.033;683.722;855.78;937.717;617.0;945.94;710.808;789.904;976.109;725.903;797.492;721.04;841.822;726.647;476.62;395.797;510.138;507.454;526.16;366.524;449.99;643.199;582.127;539.472;380.156;718.878;510.916;502.116;346.905;
437.393;1075.587;1098.688;1052.248;1226.473;1177.987;1111.681;1145.434;1197.653;1214.193;907.694;1282.395;1549.136;1299.883;988.429;1336.933;146.235;114.952;31.887;203.694;152.284;167.013;124.62;16.463;80.73;190.355;207.374;138.108;132.063;312.361;0.0;954.548;1168.872;949.526;960.287;1094.857;1247.605;1060.794;899.564;1055.726;888.239;983.412;1193.61;1169.704;1060.909;1014.616;1198.542;865.383;916.49;1010.162;1137.019;795.906;1176.543;851.275;1031.511;1219.308;852.49;957.645;953.167;1052.767;893.232;700.655;638.425;789.842;770.752;717.475;609.264;643.096;857.214;769.807;785.384;617.742;945.368;727.786;733.209;597.159;
1203.147;1977.322;1994.449;1995.932;2149.776;2062.836;2014.555;2060.204;2139.514;2080.074;1813.109;2193.376;2459.594;2203.629;1930.001;2208.708;852.287;1066.294;970.332;1158.188;891.139;879.131;950.789;970.057;891.773;1141.453;1090.497;835.469;1025.023;1266.887;954.548;0.0;255.805;158.556;70.437;168.02;318.027;176.19;127.996;191.002;161.608;140.139;258.68;271.121;386.454;61.991;1935.745;1709.055;1781.446;1757.492;1935.121;1612.514;2017.52;1608.209;1898.139;2075.915;1589.916;1722.108;1814.044;1876.316;1677.471;1579.766;1541.238;1713.698;1680.146;1561.565;1515.441;1502.316;1706.21;1601.027;1676.641;1518.947;1799.969;1596.371;1615.101;1510.214;
1361.479;2214.811;2233.225;2219.515;2382.244;2303.882;2251.939;2294.894;2364.318;2324.119;2049.099;2429.431;2696.413;2441.434;2154.677;2452.36;1080.658;1283.094;1180.809;1371.577;1122.668;1111.931;1180.044;1184.969;1099.571;1349.767;1321.363;1060.009;1223.208;1478.602;1168.872;255.805;0.0;222.311;301.344;262.135;82.024;320.8;269.418;117.719;282.072;346.599;53.006;28.051;286.646;199.844;2051.591;1863.629;1941.193;1882.05;2069.359;1761.949;2163.95;1741.189;2055.981;2226.811;1718.463;1852.769;1971.647;2020.085;1815.336;1749.336;1719.982;1897.848;1858.483;1720.782;1696.035;1668.032;1862.554;1755.114;1848.052;1697.663;1955.766;1762.049;1784.67;1693.507;
1142.786;2003.744;2023.109;2001.338;2167.811;2095.581;2040.749;2081.847;2146.462;2118.774;1837.209;2217.119;2484.374;2230.333;1936.943;2246.419;867.076;1064.118;960.533;1151.551;910.638;900.763;966.41;965.732;878.964;1128.786;1108.024;844.671;1001.191;1258.062;949.526;158.556;222.311;0.0;228.873;299.103;303.691;325.931;63.177;106.323;61.571;298.678;256.491;220.449;233.361;161.822;1847.21;1646.552;1723.016;1674.101;1858.355;1546.025;1949.332;1530.083;1838.339;2011.036;1508.8;1642.635;1753.979;1806.068;1602.802;1529.109;1498.499;1675.95;1637.124;1502.474;1474.353;1448.381;1645.058;1538.016;1627.616;1476.169;1738.501;1542.505;1564.474;1471.595;
1231.157;1964.676;1980.766;1992.634;2140.56;2047.196;2001.938;2049.537;2135.258;2061.732;1801.863;2181.539;2446.906;2190.452;1926.157;2190.599;850.19;1069.89;978.04;1163.162;886.499;873.643;947.342;975.354;901.524;1149.188;1085.111;836.077;1038.425;1272.232;960.287;70.437;301.344;228.873;0.0;135.708;352.342;120.821;193.638;254.537;226.963;70.289;293.145;320.657;456.363;103.191;1973.873;1736.298;1806.751;1793.689;1968.12;1641.722;2046.635;1642.45;1923.8;2103.487;1625.489;1756.679;1839.992;1906.577;1710.06;1602.202;1560.345;1730.131;1698.975;1587.71;1533.912;1526.408;1732.872;1628.76;1698.099;1538.143;1826.557;1620.153;1637.422;1527.626;
1364.916;2089.346;2104.628;2123.18;2267.542;2169.415;2126.6;2175.583;2265.235;2181.574;1927.695;2306.654;2571.223;2314.547;2056.454;2310.537;982.396;1203.806;1113.012;1297.398;1017.516;1004.281;1078.788;1109.805;1036.864;1284.078;1215.388;969.317;1174.072;1406.505;1094.857;168.02;262.135;299.103;135.708;0.0;282.518;63.144;289.14;273.035;321.685;123.461;231.135;288.39;494.433;137.523;2102.701;1870.412;1941.409;1923.753;2099.977;1775.16;2180.165;1773.616;2058.382;2237.545;1755.902;1887.684;1974.489;2039.652;1842.079;1737.42;1695.954;1865.838;1834.61;1722.117;1669.561;1661.304;1867.158;1762.703;1833.475;1673.743;1960.877;1755.127;1772.663;1663.319;
1443.49;2288.95;2306.912;2297.267;2457.967;2376.705;2326.122;2369.954;2441.863;2395.603;2123.691;2504.093;2770.87;2515.51;2232.192;2524.052;1156.716;1361.568;1260.077;1450.626;1198.01;1186.925;1256.01;1263.634;1179.079;1429.447;1397.063;1136.861;1303.802;1557.949;1247.605;318.027;82.024;303.691;352.342;282.518;0.0;345.238;348.257;199.724;362.752;386.125;59.582;93.648;350.027;257.593;2131.432;1945.524;2023.169;1962.611;2150.423;1843.735;2245.552;1822.317;2137.918;2308.556;1799.358;1933.719;2053.588;2101.616;1896.673;1831.347;1801.836;1979.558;1940.367;1802.769;1777.83;1750.057;1944.484;1837.015;1930.053;1779.514;2037.674;1844.074;1866.683;1775.209;
1346.883;2041.657;2056.334;2081.091;2221.672;2119.967;2078.887;2128.946;2222.402;2130.66;1881.003;2259.215;2523.089;2266.337;2014.092;2259.63;943.744;1167.921;1080.219;1262.158;977.102;963.411;1038.831;1075.387;1005.773;1250.765;1173.705;932.452;1145.083;1371.243;1060.794;176.19;320.8;325.931;120.821;63.144;345.238;0.0;304.004;317.735;337.567;77.405;292.778;346.174;536.333;167.504;2093.355;1851.207;1920.504;1912.599;2085.754;1757.728;2162.397;1760.7;2037.695;2218.394;1744.234;1875.015;1954.103;2022.976;1827.61;1714.327;1670.254;1837.867;1808.534;1702.106;1643.397;1639.646;1847.46;1744.005;1809.493;1648.14;1941.046;1733.117;1749.441;1636.344;
1110.856;1948.021;1966.97;1950.115;2113.851;2038.726;1985.087;2027.103;2094.954;2060.902;1781.848;2162.012;2429.157;2174.652;1885.322;2188.758;812.354;1013.712;911.83;1102.439;855.082;844.771;911.762;915.636;830.828;1081.225;1053.258;791.067;956.513;1209.696;899.564;127.996;269.418;63.177;193.638;289.14;348.257;304.004;0.0;160.214;33.617;263.584;295.934;272.062;289.366;155.304;1828.089;1616.107;1691.068;1652.482;1833.934;1517.066;1921.379;1505.993;1807.003;1981.794;1486.014;1619.237;1722.68;1778.861;1577.286;1494.101;1460.682;1636.642;1599.547;1470.567;1435.948;1414.476;1614.086;1507.666;1592.124;1438.34;1707.731;1508.68;1529.492;1432.362;
1243.903;2107.942;2127.01;2107.395;2273.006;2198.902;2144.99;2186.648;2252.464;2221.096;1941.64;2321.716;2588.911;2334.565;2042.913;2348.967;971.802;1170.269;1066.838;1257.841;1014.883;1004.716;1071.191;1071.917;985.284;1235.102;1212.759;949.918;1107.25;1364.383;1055.726;191.002;117.719;106.323;254.537;273.035;199.724;317.735;160.214;0.0;167.493;316.151;158.111;114.128;221.656;156.455;1938.204;1746.374;1823.727;1767.402;1953.763;1644.945;2047.312;1625.509;1938.621;2109.879;1603.225;1737.41;1854.278;1903.598;1699.244;1631.623;1602.353;1780.361;1740.825;1603.284;1578.462;1550.356;1745.212;1637.847;1730.334;1580.036;1838.477;1644.385;1666.959;1576.033;
1088.301;1942.295;1961.72;1939.926;2106.241;2034.33;1979.291;2020.304;2085.02;2057.809;1775.72;2155.601;2422.864;2168.874;1875.485;2185.382;805.559;1002.776;899.468;1090.43;849.208;839.403;904.882;904.426;818.002;1067.992;1046.499;783.102;941.165;1197.101;888.239;161.608;282.072;61.571;226.963;321.685;362.752;337.567;33.617;167.493;0.0;296.752;313.205;281.495;267.68;186.54;1800.63;1592.974;1668.633;1625.845;1808.343;1493.266;1897.205;1480.23;1784.299;1958.175;1459.767;1593.235;1699.949;1754.363;1552.082;1473.131;1441.196;1618.018;1579.947;1448.081;1416.786;1392.94;1591.191;1484.474;1571.415;1418.857;1684.757;1487.119;1508.514;1413.67;
1273.176;1967.323;1982.337;2004.585;2146.466;2046.681;2004.568;2054.083;2146.105;2058.412;1806.154;2184.758;2449.019;2192.301;1937.654;2187.381;866.511;1090.524;1002.907;1184.753;900.128;886.52;961.789;997.994;928.642;1173.409;1097.024;855.079;1068.236;1293.839;983.412;140.139;346.599;298.678;70.289;123.461;386.125;77.405;263.584;316.151;296.752;0.0;329.105;368.866;524.01;159.963;2023.422;1776.853;1845.539;1841.782;2013.388;1684.084;2088.514;1689.067;1962.78;2143.98;1673.229;1803.454;1879.306;1949.563;1755.217;1638.725;1593.974;1761.093;1732.147;1627.503;1567.015;1564.503;1772.928;1669.871;1733.623;1571.887;1866.445;1657.837;1673.794;1559.787;
1399.197;2231.531;2249.295;2242.107;2401.351;2318.745;2268.721;2312.978;2386.514;2337.203;2066.5;2446.905;2713.567;2458.047;2176.84;2465.708;1100.537;1307.258;1206.697;1396.913;1141.383;1130.111;1199.737;1209.559;1126.042;1376.547;1340.585;1081.236;1252.446;1504.568;1193.61;258.68;53.006;256.491;293.145;231.135;59.582;292.778;295.934;158.111;313.205;329.105;0.0;78.928;339.621;198.05;2096.259;1902.621;1979.368;1925.495;2111.641;1801.684;2204.491;1783.367;2094.577;2266.683;1761.225;1895.374;2010.219;2060.934;1856.89;1785.541;1754.335;1931.215;1893.053;1758.841;1729.976;1704.87;1901.246;1794.082;1883.999;1731.998;1994.632;1798.995;1820.91;1726.869;
1353.593;2219.831;2238.598;2221.198;2385.9;2309.895;2256.918;2299.142;2366.205;2331.079;2053.782;2433.992;2701.106;2446.467;2156.625;2459.156;1084.415;1284.192;1180.932;1371.916;1127.047;1116.62;1183.824;1185.879;1099.4;1349.23;1325.314;1063.01;1221.202;1478.501;1169.704;271.121;28.051;220.449;320.657;288.39;93.648;346.174;272.062;114.128;281.495;368.866;78.928;0.0;262.681;217.974;2037.995;1854.631;1932.783;1869.527;2057.76;1752.414;2153.712;1729.742;2047.237;2217.077;1706.543;1840.949;1962.938;2009.634;1804.372;1742.401;1714.352;1892.839;1852.663;1712.514;1690.694;1660.669;1853.779;1746.161;1841.273;1692.052;1946.841;1754.58;1777.7;1688.561;
1169.443;2134.489;2156.354;2106.154;2287.131;2233.086;2170.93;2206.231;2252.011;2263.004;1966.654;2343.07;2609.967;2359.768;2044.324;2388.715;1004.651;1175.105;1065.577;1254.445;1051.759;1044.531;1101.392;1077.366;983.615;1224.58;1241.135;976.953;1086.476;1355.473;1060.909;386.454;286.646;233.361;456.363;494.433;350.027;536.333;289.366;221.656;267.68;524.01;339.621;262.681;0.0;370.062;1811.453;1658.216;1740.056;1649.933;1843.203;1552.89;1947.56;1517.565;1851.598;2014.024;1491.454;1625.845;1767.954;1802.64;1594.953;1561.544;1543.542;1725.408;1679.336;1522.162;1522.319;1477.291;1658.93;1550.721;1660.861;1521.582;1750.44;1569.704;1596.32;1523.265;
1254.964;2039.306;2056.439;2057.262;2211.638;2124.804;2076.538;2122.137;2200.949;2141.929;1875.067;2255.343;2521.575;2265.617;1991.404;2270.58;913.699;1126.728;1029.946;1218.302;952.796;940.861;1012.313;1030.207;950.949;1200.949;1152.171;896.534;1083.037;1326.873;1014.616;61.991;199.844;161.822;103.191;137.523;257.593;167.504;155.304;156.455;186.54;159.963;198.05;217.974;370.062;0.0;1980.738;1760.871;1834.204;1803.941;1983.54;1663.337;2068.178;1656.049;1950.666;2127.385;1636.904;1769.656;1866.467;1926.395;1726.292;1633.975;1596.874;1770.276;1735.825;1614.03;1571.341;1555.815;1758.326;1652.651;1731.229;1574.559;1852.073;1649.957;1669.341;1566.521;
779.391;1442.56;1476.32;1203.085;1423.308;1556.687;1456.244;1423.121;1284.353;1636.557;1354.051;1515.146;1685.909;1556.689;1196.956;1693.748;1342.837;1157.794;1167.046;1090.549;1349.209;1364.671;1305.649;1193.573;1201.674;1060.618;1271.027;1325.872;1068.204;1033.418;1198.542;1935.745;2051.591;1847.21;1973.873;2102.701;2131.432;2093.355;1828.089;1938.204;1800.63;2023.422;2096.259;2037.995;1811.453;1980.738;0.0;395.739;414.739;189.057;164.847;416.686;300.551;348.899;386.649;368.343;355.264;241.322;389.006;253.822;309.119;567.84;655.146;657.152;606.716;507.293;680.545;583.55;410.584;451.367;545.343;664.535;375.359;531.285;552.173;704.01;
505.941;1078.627;1112.611;860.164;1089.182;1196.895;1096.616;1073.001;964.154;1273.631;974.695;1179.535;1381.304;1218.65;841.731;1343.841;1011.53;804.286;835.672;726.098;1009.105;1025.268;958.573;857.275;886.145;703.585;903.291;1000.888;743.394;655.033;865.383;1709.055;1863.629;1646.552;1736.298;1870.412;1945.524;1851.207;1616.107;1746.374;1592.974;1776.853;1902.621;1854.631;1658.216;1760.871;395.739;0.0;88.425;254.728;282.706;108.326;314.17;208.938;193.384;367.205;248.24;201.199;110.144;188.879;146.122;178.695;263.699;278.107;218.224;150.642;291.147;222.331;15.663;108.539;153.356;276.183;92.326;144.201;157.83;313.41;
580.333;1032.893;1066.812;803.445;1029.921;1149.103;1048.54;1020.2;899.688;1227.656;939.584;1121.101;1313.892;1161.231;790.637;1291.559;1061.84;847.131;887.827;763.9;1055.927;1072.239;1002.798;907.237;943.229;746.045;936.82;1053.611;799.237;683.722;916.49;1781.446;1941.193;1723.016;1806.751;1941.409;2023.169;1920.504;1691.068;1823.727;1668.633;1845.539;1979.368;1932.783;1740.056;1834.204;414.739;88.425;0.0;307.589;274.349;196.047;263.038;292.748;117.32;303.192;332.008;262.638;37.392;171.412;221.788;215.929;288.352;242.828;198.379;220.557;318.005;281.43;82.984;190.097;146.785;305.733;40.21;189.959;184.641;336.824;
590.667;1332.833;1366.817;1109.764;1337.102;1450.684;1350.285;1324.91;1207.221;1527.855;1229.089;1428.115;1620.608;1467.97;1094.208;1596.111;1154.163;971.951;978.598;907.44;1161.146;1176.524;1118.418;1005.441;1012.629;875.873;1088.073;1136.952;879.545;855.78;1010.162;1757.492;1882.05;1674.101;1793.689;1923.753;1962.611;1912.599;1652.482;1767.402;1625.845;1841.782;1925.495;1869.527;1649.933;1803.941;189.057;254.728;307.589;0.0;201.026;241.538;335.116;159.845;335.46;410.785;168.814;59.257;296.757;210.046;130.621;405.996;492.741;532.642;472.596;333.628;515.268;407.038;270.357;279.345;407.167;498.689;276.2;369.583;397.574;539.451;
744.545;1286.232;1319.82;1042.691;1260.964;1398.85;1298.633;1263.372;1120.845;1479.41;1204.394;1352.815;1521.183;1394.607;1039.164;1533.367;1283.142;1082.552;1106.462;1006.946;1283.84;1299.818;1235.411;1130.041;1150.769;982.486;1185.089;1270.033;1010.914;937.717;1137.019;1935.121;2069.359;1858.355;1968.12;2099.977;2150.423;2085.754;1833.934;1953.763;1808.343;2013.388;2111.641;2057.76;1843.203;1983.54;164.847;282.706;274.349;201.026;0.0;341.707;146.444;328.294;225.052;220.867;351.861;217.37;242.648;102.987;258.171;461.341;545.293;515.018;472.569;421.315;573.329;497.854;294.941;367.515;417.054;558.646;234.233;426.81;438.445;595.078;
410.909;1126.09;1159.922;922.821;1153.379;1246.161;1146.846;1129.233;1035.594;1320.219;1010.027;1242.23;1454.839;1279.876;897.763;1398.022;941.898;745.759;765.175;675.07;943.728;959.594;896.76;789.29;809.161;646.997;855.227;928.405;669.249;617.0;795.906;1612.514;1761.949;1546.025;1641.722;1775.16;1843.735;1757.728;1517.066;1644.945;1493.266;1684.084;1801.684;1752.414;1552.89;1663.337;416.686;108.326;196.047;241.538;341.707;0.0;405.03;130.205;299.822;465.014;165.776;182.366;217.94;265.952;110.934;170.195;254.32;334.769;267.394;92.11;275.05;167.011;113.499;39.075;204.515;258.351;198.751;135.826;170.923;299.368;
815.543;1197.102;1230.071;944.034;1154.207;1305.322;1206.214;1165.268;1009.6;1387.254;1130.473;1245.74;1399.969;1288.314;948.143;1432.225;1322.358;1109.72;1147.341;1026.929;1317.72;1333.996;1265.215;1167.794;1199.704;1008.628;1199.578;1312.944;1056.491;945.94;1176.543;2017.52;2163.95;1949.332;2046.635;2180.165;2245.552;2162.397;1921.379;2047.312;1897.205;2088.514;2204.491;2153.712;1947.56;2068.178;300.551;314.17;263.038;335.116;146.444;405.03;0.0;432.937;160.224;75.846;463.646;335.194;225.664;144.984;353.338;477.715;551.207;472.27;447.471;464.804;580.923;535.144;320.52;419.055;406.692;568.769;231.329;448.881;447.468;599.29;
431.216;1256.071;1289.88;1052.382;1282.832;1376.23;1276.98;1259.392;1163.471;1450.069;1138.451;1371.915;1582.3;1409.733;1027.891;1528.227;994.867;816.298;819.632;755.354;1002.608;1017.88;960.911;846.877;852.825;721.8;935.709;977.334;720.322;710.808;851.275;1608.209;1741.189;1530.083;1642.45;1773.616;1822.317;1760.7;1505.993;1625.509;1480.23;1689.067;1783.367;1729.742;1517.565;1656.049;348.899;208.938;292.748;159.845;328.294;130.205;432.937;0.0;371.398;503.431;39.338;114.438;301.843;288.555;81.496;296.651;376.45;464.108;397.137;209.845;393.613;272.176;220.705;167.082;333.348;376.943;279.521;264.205;300.67;417.821;
696.152;1062.075;1095.574;817.656;1036.703;1174.102;1073.976;1038.321;897.986;1254.862;984.786;1128.548;1302.551;1170.169;814.533;1308.349;1176.451;959.379;1003.18;874.237;1169.336;1185.683;1115.28;1021.924;1059.687;858.423;1044.441;1168.954;915.562;789.904;1031.511;1898.139;2055.981;1838.339;1923.8;2058.382;2137.918;2037.695;1807.003;1938.621;1784.299;1962.78;2094.577;2047.237;1851.598;1950.666;386.649;193.384;117.32;335.46;225.052;299.822;160.224;371.398;0.0;188.1;408.789;307.571;84.36;136.698;291.511;331.131;397.9;312.734;287.739;336.637;427.73;398.745;193.46;301.345;250.888;416.776;101.222;306.855;298.318;444.629;
872.795;1171.971;1204.39;913.996;1117.41;1276.881;1178.903;1134.37;970.246;1359.415;1115.24;1208.371;1351.908;1251.344;923.232;1398.326;1364.394;1147.417;1190.822;1061.906;1357.436;1373.782;1303.333;1209.836;1246.352;1046.484;1231.026;1356.61;1102.409;976.109;1219.308;2075.915;2226.811;2011.036;2103.487;2237.545;2308.556;2218.394;1981.794;2109.879;1958.175;2143.98;2266.683;2217.077;2014.024;2127.385;368.343;367.205;303.192;410.785;220.867;465.014;75.846;503.431;188.1;0.0;535.431;409.072;267.199;215.048;422.818;518.686;585.767;484.876;470.335;516.678;615.587;583.141;371.164;474.903;438.359;604.813;278.04;493.033;486.255;632.051;
425.396;1289.62;1323.371;1088.592;1319.154;1410.009;1311.012;1294.47;1200.836;1483.293;1169.83;1407.975;1619.868;1445.548;1063.118;1562.801;994.768;822.681;820.696;765.371;1004.408;1019.438;964.591;848.83;850.311;730.101;945.089;975.999;720.844;725.903;852.49;1589.916;1718.463;1508.8;1625.489;1755.902;1799.358;1744.234;1486.014;1603.225;1459.767;1673.229;1761.225;1706.543;1491.454;1636.904;355.264;248.24;332.008;168.814;351.861;165.776;463.646;39.338;408.789;535.431;0.0;134.537;340.559;320.417;117.435;328.108;405.102;500.519;433.163;239.347;420.52;296.092;259.892;200.975;370.057;404.006;318.171;297.069;334.557;444.491;
543.844;1279.684;1313.665;1060.26;1288.602;1398.068;1297.805;1273.96;1161.01;1474.666;1173.493;1379.277;1576.232;1418.718;1042.804;1544.905;1102.273;916.694;926.223;850.716;1108.074;1123.579;1064.327;952.492;962.532;819.922;1031.328;1085.894;827.686;797.492;957.645;1722.108;1852.769;1642.635;1756.679;1887.684;1933.719;1875.015;1619.237;1737.41;1593.235;1803.454;1895.374;1840.949;1625.845;1769.656;241.322;201.199;262.638;59.257;217.37;182.366;335.194;114.438;307.571;409.072;134.537;0.0;257.205;196.867;71.433;347.042;433.642;479.107;417.531;274.473;456.04;348.262;216.625;220.09;351.823;439.453;235.413;310.717;339.429;480.235;
611.839;1054.669;1088.513;820.712;1045.433;1169.87;1069.32;1038.927;912.508;1249.091;965.428;1136.916;1324.317;1177.518;810.598;1310.189;1098.626;884.359;924.391;801.266;1092.977;1109.283;1039.987;944.017;979.202;783.269;974.202;1090.16;835.326;721.04;953.167;1814.044;1971.647;1753.979;1839.992;1974.489;2053.588;1954.103;1722.68;1854.278;1699.949;1879.306;2010.219;1962.938;1767.954;1866.467;389.006;110.144;37.392;296.757;242.648;217.94;225.664;301.843;84.36;267.199;340.559;257.205;0.0;139.902;225.901;252.839;325.735;272.389;232.345;252.48;355.395;316.21;109.23;217.327;183.395;343.114;22.539;225.931;221.904;374.157;
676.546;1189.123;1222.841;949.49;1170.739;1302.943;1202.527;1169.358;1033.41;1382.941;1103.832;1262.531;1439.13;1303.855;943.19;1440.083;1198.992;993.127;1022.76;914.799;1197.409;1213.534;1147.27;1044.997;1070.985;892.456;1091.507;1187.538;929.205;841.822;1052.767;1876.316;2020.085;1806.068;1906.577;2039.652;2101.616;2022.976;1778.861;1903.598;1754.363;1949.563;2060.934;2009.634;1802.64;1926.395;253.822;188.879;171.412;210.046;102.987;265.952;144.984;288.555;136.698;215.048;320.417;196.867;139.902;0.0;208.462;365.416;447.244;412.271;369.726;335.438;475.872;409.966;199.277;285.039;315.157;461.755;131.363;332.292;340.28;496.921;
487.817;1218.711;1252.664;1004.887;1234.358;1337.798;1237.808;1216.217;1110.187;1413.51;1108.872;1324.459;1527.426;1363.275;984.665;1486.584;1038.472;849.087;862.014;781.483;1042.879;1058.521;997.976;887.567;901.037;751.578;962.007;1023.097;764.235;726.647;893.232;1677.471;1815.336;1602.802;1710.06;1842.079;1896.673;1827.61;1577.286;1699.244;1552.082;1755.217;1856.89;1804.372;1594.953;1726.292;309.119;146.122;221.788;130.621;258.171;110.934;353.338;81.496;291.511;422.818;117.435;71.433;225.901;208.462;0.0;276.974;363.083;419.2;355.28;203.04;385.021;277.068;160.389;148.814;289.539;368.395;203.367;240.956;271.384;409.261;
392.101;962.464;996.121;771.0;1001.404;1083.142;984.644;970.923;891.919;1155.695;841.927;1088.498;1311.178;1124.763;740.619;1237.479;845.923;632.091;672.14;550.733;840.179;856.477;787.506;691.325;728.92;531.012;726.325;837.927;584.689;476.62;700.655;1579.766;1749.336;1529.109;1602.202;1737.42;1831.347;1714.327;1494.101;1631.623;1473.131;1638.725;1785.541;1742.401;1561.544;1633.975;567.84;178.695;215.929;405.996;461.341;170.195;477.715;296.651;331.131;518.686;328.108;347.042;252.839;365.416;276.974;0.0;87.457;196.687;132.022;90.311;113.091;85.848;166.583;131.225;99.331;97.661;246.658;36.697;35.392;136.217;
